58269.291060 2275227570.000000 0.000218 8049
58269.291986 2275227570.000000 0.000222 8049
58269.293491 2275227590.000000 0.000281 8049
58269.294301 2275227600.000000 0.000271 8049
58269.295111 2275227590.000000 0.000276 8049
58269.296153 2275227590.000000 0.000247 8049
58269.296963 2275227610.000000 0.000237 8049
58269.297658 2275227600.000000 0.000232 8049
58269.298931 2275227610.000000 0.000270 8049
58269.299741 2275227620.000000 0.000279 8049
58269.300435 2275227620.000000 0.000283 8049
58269.301014 2275227620.000000 0.000273 8049
58269.301361 2275227620.000000 0.000215 8049
58269.302287 2275227620.000000 0.000212 8049
58269.303445 2275227640.000000 0.000281 8049
58269.307843 2275227640.000000 0.000240 8049
58269.308769 2275227660.000000 0.000221 8049
58269.315829 2275227700.000000 0.000245 8049
58269.316755 2275227710.000000 0.000232 8049
58269.316986 2275227700.000000 0.000286 8049
58269.321500 2275227730.000000 0.000224 8049
58269.324857 2275227750.000000 0.000228 8049
58269.327519 2275227770.000000 0.000226 8049
58269.342681 2275227840.000000 0.000190 8049
58269.344764 2275227850.000000 0.000257 8049
58269.345343 2275227850.000000 0.000190 8049
58269.346732 2275227880.000000 0.000217 8049
58269.348005 2275227870.000000 0.000259 8049
58269.348931 2275227890.000000 0.000210 8049
58269.353097 2275227900.000000 0.000234 8049
58269.354023 2275227900.000000 0.000201 8049
58269.354718 2275227910.000000 0.000245 8049
58269.356338 2275227910.000000 0.000220 8049
58269.357264 2275227930.000000 0.000259 8049
58269.357958 2275227910.000000 0.000213 8049
58269.359348 2275227950.000000 0.000240 8049
58269.360852 2275227960.000000 0.000224 8049
58269.361894 2275227960.000000 0.000221 8049
58269.362704 2275227960.000000 0.000252 8049
58269.363745 2275227970.000000 0.000261 8049
58269.364556 2275227980.000000 0.000294 8049
58269.365597 2275228000.000000 0.000203 8049
58269.366292 2275227990.000000 0.000216 8049
58269.366986 2275228000.000000 0.000243 8049
58269.367565 2275228000.000000 0.000220 8049
58269.368144 2275228000.000000 0.000248 8049
58269.368607 2275228000.000000 0.000214 8049
58269.369533 2275228010.000000 0.000214 8049
58269.371037 2275228030.000000 0.000236 8049
58269.373699 2275228040.000000 0.000276 8049
58269.374510 2275228050.000000 0.000234 8049
58269.374972 2275228050.000000 0.000307 8049
58269.375320 2275228050.000000 0.000266 8049
58269.376014 2275228060.000000 0.000268 8049
58269.376477 2275228060.000000 0.000177 8049
58269.377171 2275228070.000000 0.000286 8049
58269.377634 2275228070.000000 0.000251 8049
58269.378560 2275228070.000000 0.000205 8049
58269.379371 2275228080.000000 0.000237 8049
58269.380528 2275228120.000000 0.000177 8049
58269.381338 2275228100.000000 0.000248 8049
58269.382843 2275228120.000000 0.000225 8049
58269.383421 2275228120.000000 0.000270 8049
58269.384232 2275228120.000000 0.000219 8049
58269.385158 2275228130.000000 0.000193 8049
58269.385852 2275228130.000000 0.000193 8049
58269.386662 2275228150.000000 0.000247 8049
58269.387704 2275228150.000000 0.000234 8049
58269.388514 2275228150.000000 0.000210 8049
58269.389209 2275228170.000000 0.000305 8049
58269.390134 2275228180.000000 0.000263 8049
58269.390829 2275228190.000000 0.000276 8049
58269.391755 2275228190.000000 0.000236 8049
58269.392912 2275228210.000000 0.000290 8049
58269.393375 2275228210.000000 0.000272 8049
58269.394301 2275228210.000000 0.000228 8049
58269.393491 2275228210.000000 0.000255 8049
58269.393954 2275228210.000000 0.000220 8049
58269.395111 2275228210.000000 0.000203 8049
58269.396500 2275228240.000000 0.000265 8049
58269.397426 2275228250.000000 0.000252 8049
58269.398468 2275228260.000000 0.000221 8049
58269.399394 2275228260.000000 0.000231 8049
58269.400088 2275228280.000000 0.000269 8049
58269.400898 2275228280.000000 0.000251 8049
58269.401593 2275228310.000000 0.000241 8049
58269.402519 2275228300.000000 0.000238 8049
58269.403329 2275228320.000000 0.000259 8049
58269.404255 2275228320.000000 0.000258 8049
58269.405065 2275228330.000000 0.000251 8049
58269.405759 2275228330.000000 0.000190 8049
58269.406917 2275228350.000000 0.000240 8049
58269.407611 2275228360.000000 0.000213 8049
58269.409000 2275228390.000000 0.000255 8049
58269.409695 2275228390.000000 0.000268 8049
58269.410158 2275228390.000000 0.000208 8049
58269.410736 2275228400.000000 0.000207 8049
58269.411431 2275228400.000000 0.000219 8049
58269.412125 2275228400.000000 0.000223 8049
58269.412704 2275228420.000000 0.000287 8049
58269.413398 2275228420.000000 0.000195 8049
58269.414093 2275228440.000000 0.000257 8049
58269.415366 2275228450.000000 0.000229 8049
58269.415829 2275228470.000000 0.000198 8049
58269.416523 2275228490.000000 0.000224 8049
58269.416986 2275228490.000000 0.000199 8049
58269.418723 2275228510.000000 0.000235 8049
58269.419417 2275228510.000000 0.000211 8049
58269.419880 2275228510.000000 0.000207 8049
58266.185736 2275216820.000000 0.000216 8049
58266.187125 2275216910.000000 0.000225 8049
58266.188051 2275216960.000000 0.000215 8049
58266.194416 2275217370.000000 0.000202 8049
58266.196037 2275217460.000000 0.000179 8049
58266.197657 2275217570.000000 0.000195 8049
58266.199509 2275217700.000000 0.000258 8049
58266.201014 2275217780.000000 0.000175 8049
58266.201939 2275217850.000000 0.000291 8049
58266.202981 2275217910.000000 0.000203 8049
58266.204833 2275218020.000000 0.000189 8049
58266.205759 2275218080.000000 0.000269 8049
58266.208190 2275218220.000000 0.000251 8049
58266.209578 2275218290.000000 0.000211 8049
58266.211083 2275218360.000000 0.000163 8049
58266.212819 2275218480.000000 0.000238 8049
58266.214092 2275218540.000000 0.000209 8049
58266.215134 2275218600.000000 0.000253 8049
58266.216407 2275218660.000000 0.000148 8049
58266.217449 2275218720.000000 0.000217 8049
58266.219300 2275218800.000000 0.000159 8049
58266.220690 2275218880.000000 0.000215 8049
58266.222078 2275218950.000000 0.000169 8049
58266.223583 2275218990.000000 0.000189 8049
58266.224625 2275219040.000000 0.000198 8049
58266.226245 2275219110.000000 0.000201 8049
58266.226939 2275219150.000000 0.000235 8049
58266.227866 2275219180.000000 0.000177 8049
58266.228907 2275219220.000000 0.000208 8049
58266.229949 2275219270.000000 0.000159 8049
58266.230990 2275219320.000000 0.000248 8049
58266.231916 2275219350.000000 0.000185 8049
58266.236430 2275219520.000000 0.000157 8049
58266.236777 2275219540.000000 0.000220 8049
58266.237472 2275219550.000000 0.000193 8049
58266.237935 2275219590.000000 0.000175 8049
58266.238745 2275219610.000000 0.000233 8049
58266.239208 2275219610.000000 0.000182 8049
58266.239787 2275219620.000000 0.000199 8049
58266.240250 2275219650.000000 0.000171 8049
58266.240828 2275219670.000000 0.000162 8049
58266.242217 2275219720.000000 0.000190 8049
58266.243490 2275219770.000000 0.000176 8049
58266.244532 2275219800.000000 0.000155 8049
58266.245805 2275219850.000000 0.000223 8049
58266.246500 2275219870.000000 0.000260 8049
58266.247426 2275219890.000000 0.000170 8049
58266.249393 2275219940.000000 0.000164 8049
58266.251014 2275219990.000000 0.000164 8049
58266.252750 2275220030.000000 0.000179 8049
58266.258537 2275220120.000000 0.000203 8049
58266.259694 2275220120.000000 0.000206 8049
58266.260967 2275220160.000000 0.000196 8049
58266.263282 2275220190.000000 0.000183 8049
58266.267449 2275220250.000000 0.000155 8049
58266.268838 2275220280.000000 0.000208 8049
58266.270227 2275220290.000000 0.000186 8049
58266.271847 2275220290.000000 0.000160 8049
58266.272889 2275220330.000000 0.000215 8049
58266.274509 2275220350.000000 0.000211 8049
58266.275782 2275220360.000000 0.000204 8049
58266.280065 2275220430.000000 0.000186 8049
58266.281685 2275220460.000000 0.000214 8049
58266.285736 2275220480.000000 0.000211 8049
58266.287588 2275220500.000000 0.000231 8049
58266.288861 2275220500.000000 0.000176 8049
58266.290944 2275220540.000000 0.000170 8049
58266.292565 2275220540.000000 0.000194 8049
58266.298236 2275220580.000000 0.000239 8049
58266.299741 2275220600.000000 0.000216 8049
58266.301014 2275220620.000000 0.000281 8049
58266.302634 2275220630.000000 0.000232 8049
58266.303676 2275220640.000000 0.000270 8049
58266.304833 2275220640.000000 0.000184 8049
58266.305759 2275220650.000000 0.000229 8049
58266.308652 2275220680.000000 0.000216 8049
58266.309579 2275220690.000000 0.000255 8049
58266.311777 2275220710.000000 0.000198 8049
58266.313051 2275220740.000000 0.000204 8049
58266.314440 2275220750.000000 0.000190 8049
58266.315250 2275220760.000000 0.000195 8049
58266.316986 2275220790.000000 0.000182 8049
58266.319417 2275220840.000000 0.000194 8049
58266.321037 2275220860.000000 0.000202 8049
58266.323352 2275220890.000000 0.000208 8049
58266.325782 2275220930.000000 0.000233 8049
58266.328328 2275220970.000000 0.000215 8049
58266.331222 2275221000.000000 0.000173 8049
58266.333652 2275221030.000000 0.000155 8049
58266.334347 2275221050.000000 0.000247 8049
58266.336199 2275221070.000000 0.000237 8049
58266.338051 2275221100.000000 0.000220 8049
58266.340944 2275221140.000000 0.000242 8049
58266.342333 2275221150.000000 0.000221 8049
58266.344069 2275221170.000000 0.000236 8049
58266.346268 2275221190.000000 0.000171 8049
58266.348352 2275221210.000000 0.000188 8049
58266.349509 2275221230.000000 0.000191 8049
58266.358421 2275221330.000000 0.000271 8049
58266.360389 2275221350.000000 0.000254 8049
58266.362588 2275221370.000000 0.000203 8049
58266.363166 2275221370.000000 0.000222 8049
58266.369417 2275221430.000000 0.000244 8049
58266.370689 2275221440.000000 0.000196 8049
58266.372310 2275221460.000000 0.000260 8049
58266.374162 2275221460.000000 0.000185 8049
58266.376476 2275221490.000000 0.000264 8049
58266.379370 2275221510.000000 0.000223 8049
58266.382495 2275221520.000000 0.000193 8049
58266.384116 2275221550.000000 0.000239 8049
58266.385851 2275221560.000000 0.000229 8049
58266.386662 2275221570.000000 0.000218 8049
58266.387819 2275221580.000000 0.000230 8049
58266.389787 2275221590.000000 0.000289 8049
58266.391291 2275221590.000000 0.000226 8049
58266.394532 2275221620.000000 0.000185 8049
58266.397426 2275221640.000000 0.000227 8049
58264.111719	2275228480.000	   0.000	8049
58264.113571	2275228480.000	   0.000	8049
58264.115423	2275228480.000	   0.000	8049
58264.117275	2275228480.000	   0.000	8049
58264.119127	2275228480.000	   0.000	8049
58264.120979	2275228470.000	   0.000	8049
58264.122830	2275228470.000	   0.000	8049
58264.124682	2275228470.000	   0.000	8049
58264.128386	2275228460.000	   0.000	8049
58264.130238	2275228460.000	   0.000	8049
58264.137645	2275228450.000	   0.000	8049
58264.139497	2275228440.000	   0.000	8049
58264.141349	2275228440.000	   0.000	8049
58264.143201	2275228430.000	   0.000	8049
58264.145053	2275228430.000	   0.000	8049
58264.146904	2275228420.000	   0.000	8049
58264.148756	2275228420.000	   0.000	8049
58264.150608	2275228410.000	   0.000	8049
58264.154312	2275228400.000	   0.000	8049
58264.156164	2275228390.000	   0.000	8049
58264.158016	2275228390.000	   0.000	8049
58264.159867	2275228380.000	   0.000	8049
58264.161719	2275228380.000	   0.000	8049
58264.163571	2275228370.000	   0.000	8049
58264.167275	2275228360.000	   0.000	8049
58264.169127	2275228360.000	   0.000	8049
58264.170979	2275228350.000	   0.000	8049
58264.172830	2275228340.000	   0.000	8049
58264.174682	2275228340.000	   0.000	8049
58264.176534	2275228330.000	   0.000	8049
58264.178386	2275228320.000	   0.000	8049
58264.180238	2275228320.000	   0.000	8049
58264.182090	2275228310.000	   0.000	8049
58264.183942	2275228310.000	   0.000	8049
58264.185793	2275228300.000	   0.000	8049
58264.189497	2275228290.000	   0.000	8049
58264.191349	2275228280.000	   0.000	8049
58264.193201	2275228270.000	   0.000	8049
58264.195053	2275228270.000	   0.000	8049
58264.198756	2275228250.000	   0.000	8049
58264.200608	2275228250.000	   0.000	8049
58264.202460	2275228240.000	   0.000	8049
58264.206164	2275228230.000	   0.000	8049
58264.208016	2275228220.000	   0.000	8049
58264.209867	2275228210.000	   0.000	8049
58264.211719	2275228210.000	   0.000	8049
58264.215423	2275228190.000	   0.000	8049
58264.217275	2275228180.000	   0.000	8049
58264.219127	2275228180.000	   0.000	8049
58264.220979	2275228170.000	   0.000	8049
58264.222830	2275228160.000	   0.000	8049
58264.226534	2275228150.000	   0.000	8049
58264.228386	2275228140.000	   0.000	8049
58264.233942	2275228110.000	   0.000	8049
58264.235793	2275228090.000	   0.000	8049
58264.241349	2275228040.000	   0.000	8049
58264.243201	2275228020.000	   0.000	8049
58264.245053	2275228010.000	   0.000	8049
58264.246904	2275228010.000	   0.000	8049
58264.248756	2275228000.000	   0.000	8049
58264.250608	2275228000.000	   0.000	8049
58264.252460	2275227990.000	   0.000	8049
58264.254312	2275227980.000	   0.000	8049
58264.256164	2275227980.000	   0.000	8049
58264.258016	2275227970.000	   0.000	8049
58264.259867	2275227970.000	   0.000	8049
58264.261719	2275227960.000	   0.000	8049
58264.263571	2275227960.000	   0.000	8049
58264.265423	2275227950.000	   0.000	8049
58264.267275	2275227950.000	   0.000	8049
58264.269127	2275227940.000	   0.000	8049
58264.270979	2275227940.000	   0.000	8049
58264.272830	2275227940.000	   0.000	8049
58264.274682	2275227930.000	   0.000	8049
58264.278386	2275227930.000	   0.000	8049
58264.280238	2275227920.000	   0.000	8049
58264.282090	2275227920.000	   0.000	8049
58264.283942	2275227920.000	   0.000	8049
58264.285793	2275227910.000	   0.000	8049
58264.287645	2275227910.000	   0.000	8049
58264.289497	2275227910.000	   0.000	8049
58264.293201	2275227900.000	   0.000	8049
58264.295053	2275227900.000	   0.000	8049
58264.296905	2275227900.000	   0.000	8049
58264.298756	2275227900.000	   0.000	8049
58264.300608	2275227890.000	   0.000	8049
58264.302460	2275227890.000	   0.000	8049
58264.304312	2275227890.000	   0.000	8049
58264.306164	2275227890.000	   0.000	8049
58264.308016	2275227890.000	   0.000	8049
58264.309867	2275227890.000	   0.000	8049
58264.311719	2275227890.000	   0.000	8049
58264.315423	2275227880.000	   0.000	8049
58264.317275	2275227880.000	   0.000	8049
58264.319127	2275227880.000	   0.000	8049
58264.320979	2275227880.000	   0.000	8049
58264.322830	2275227880.000	   0.000	8049
58264.324682	2275227880.000	   0.000	8049
58264.326534	2275227880.000	   0.000	8049
58264.328386	2275227880.000	   0.000	8049
58264.330238	2275227880.000	   0.000	8049
58264.332090	2275227880.000	   0.000	8049
58264.333942	2275227880.000	   0.000	8049
58264.335793	2275227880.000	   0.000	8049
58264.337645	2275227880.000	   0.000	8049
58264.341349	2275227870.000	   0.000	8049
58265.164497	2275230600.000	   0.000	8049
58265.160794	2275230580.000	   0.000	8049
58265.158942	2275230570.000	   0.000	8049
58265.157090	2275230560.000	   0.000	8049
58265.151534	2275230530.000	   0.000	8049
58265.147831	2275230520.000	   0.000	8049
58265.147831	2275230510.000	   0.000	8049
58265.144127	2275230500.000	   0.000	8049
58265.142275	2275230480.000	   0.000	8049
58265.140423	2275230470.000	   0.000	8049
58265.138571	2275230460.000	   0.000	8049
58265.236719	2275230950.000	   0.000	8049
58265.133884	2275230440.000	   0.000	8049
58265.137009	2275230460.000	   0.000	8049
58265.140713	2275230480.000	   0.000	8049
58265.143953	2275230490.000	   0.000	8049
58265.146731	2275230510.000	   0.000	8049
58265.150435	2275230530.000	   0.000	8049
58265.156222	2275230560.000	   0.000	8049
58265.159231	2275230570.000	   0.000	8049
58265.161546	2275230580.000	   0.000	8049
58265.171615	2275230640.000	   0.000	8049
58265.176477	2275230680.000	   0.000	8049
58265.178328	2275230680.000	   0.000	8049
58265.183189	2275230710.000	   0.000	8049
58265.185967	2275230730.000	   0.000	8049
58265.189092	2275230750.000	   0.000	8049
58265.190250	2275230750.000	   0.000	8049
58265.198814	2275230810.000	   0.000	8049
58265.201592	2275230820.000	   0.000	8049
58265.204370	2275230840.000	   0.000	8049
58265.206453	2275230840.000	   0.000	8049
58265.209925	2275230870.000	   0.000	8049
58265.211546	2275230870.000	   0.000	8049
58265.213166	2275230900.000	   0.000	8049
58265.215365	2275230930.000	   0.000	8049
58265.217912	2275230940.000	   0.000	8049
58265.219532	2275230960.000	   0.000	8049
58265.222773	2275230960.000	   0.000	8049
58265.224856	2275230960.000	   0.000	8049
58265.227865	2275230960.000	   0.000	8049
58265.230643	2275230950.000	   0.000	8049
58265.234578	2275230950.000	   0.000	8049
58265.238282	2275230950.000	   0.000	8049
58265.241175	2275230950.000	   0.000	8049
58265.243722	2275230940.000	   0.000	8049
58265.246268	2275230920.000	   0.000	8049
58265.249046	2275230920.000	   0.000	8049
58265.250898	2275230900.000	   0.000	8049
58265.252518	2275230880.000	   0.000	8049
58265.253907	2275230860.000	   0.000	8049
58265.255759	2275230840.000	   0.000	8049
58265.257379	2275230810.000	   0.000	8049
58265.258768	2275230770.000	   0.000	8049
58265.260157	2275230740.000	   0.000	8049
58265.261546	2275230680.000	   0.000	8049
58265.262935	2275230650.000	   0.000	8049
58265.267912	2275230360.000	   0.000	8049
58265.269069	2275230290.000	   0.000	8049
58265.269995	2275230230.000	   0.000	8049
58265.270458	2275230180.000	   0.000	8049
58265.270921	2275230120.000	   0.000	8049
58265.272310	2275230040.000	   0.000	8049
58265.272773	2275229980.000	   0.000	8049
58265.273236	2275229920.000	   0.000	8049
58265.277171	2275229410.000	   0.000	8049
58265.278097	2275229310.000	   0.000	8049
58265.278560	2275229230.000	   0.000	8049
58265.279022	2275229140.000	   0.000	8049
58265.279486	2275229060.000	   0.000	8049
58265.279949	2275228930.000	   0.000	8049
58265.280643	2275228810.000	   0.000	8049
58265.281106	2275228680.000	   0.000	8049
58265.281801	2275228550.000	   0.000	8049
58265.303675	2275216420.000	   0.000	8049
58265.304138	2275216270.000	   0.000	8049
58265.304370	2275216170.000	   0.000	8049
58265.304486	2275216080.000	   0.000	8049
58265.304949	2275215830.000	   0.000	8049
58265.305180	2275215680.000	   0.000	8049
58265.305527	2275215580.000	   0.000	8049
58265.306106	2275215320.000	   0.000	8049
58265.306801	2275215060.000	   0.000	8049
58265.307148	2275214960.000	   0.000	8049
58265.307263	2275214850.000	   0.000	8049
58265.307726	2275214710.000	   0.000	8049
58265.308421	2275214480.000	   0.000	8049
58265.309115	2275214320.000	   0.000	8049
58265.309925	2275214180.000	   0.000	8049
58265.310388	2275214070.000	   0.000	8049
58265.310967	2275213960.000	   0.000	8049
58265.311430	2275213880.000	   0.000	8049
58265.312009	2275213840.000	   0.000	8049
58265.312240	2275213770.000	   0.000	8049
58265.312935	2275213710.000	   0.000	8049
58265.313282	2275213690.000	   0.000	8049
58265.313976	2275213650.000	   0.000	8049
58265.314323	2275213630.000	   0.000	8049
58265.314555	2275213610.000	   0.000	8049
58265.315018	2275213590.000	   0.000	8049
58265.315712	2275213580.000	   0.000	8049
58265.316754	2275213570.000	   0.000	8049
58265.317796	2275213580.000	   0.000	8049
58265.318606	2275213600.000	   0.000	8049
58265.319532	2275213620.000	   0.000	8049
58265.320111	2275213650.000	   0.000	8049
58265.320689	2275213680.000	   0.000	8049
58265.321384	2275213710.000	   0.000	8049
58265.322310	2275213790.000	   0.000	8049
58265.323004	2275213830.000	   0.000	8049
58265.323583	2275213870.000	   0.000	8049
58265.324277	2275213930.000	   0.000	8049
58265.324856	2275213980.000	   0.000	8049
58265.325782	2275214020.000	   0.000	8049
58265.325550	2275214020.000	   0.000	8049
58265.326360	2275214080.000	   0.000	8049
58265.327055	2275214140.000	   0.000	8049
58265.327287	2275214160.000	   0.000	8049
58265.327634	2275214200.000	   0.000	8049
58265.327981	2275214240.000	   0.000	8049
58265.329022	2275214310.000	   0.000	8049
58265.329833	2275214380.000	   0.000	8049
58265.330180	2275214420.000	   0.000	8049
58265.330643	2275214470.000	   0.000	8049
58265.331222	2275214500.000	   0.000	8049
58265.331916	2275214580.000	   0.000	8049
58265.332379	2275214620.000	   0.000	8049
58265.332958	2275214680.000	   0.000	8049
58265.333768	2275214720.000	   0.000	8049
58265.333999	2275214750.000	   0.000	8049
58265.334463	2275214780.000	   0.000	8049
58265.335041	2275214850.000	   0.000	8049
58265.335736	2275214890.000	   0.000	8049
58265.336430	2275214970.000	   0.000	8049
58265.337472	2275215030.000	   0.000	8049
58265.337819	2275215080.000	   0.000	8049
58265.338282	2275215100.000	   0.000	8049
58265.338745	2275215150.000	   0.000	8049
58265.339324	2275215210.000	   0.000	8049
58265.339787	2275215220.000	   0.000	8049
58265.339902	2275215250.000	   0.000	8049
58265.340365	2275215280.000	   0.000	8049
58265.341407	2275215370.000	   0.000	8049
58265.341639	2275215410.000	   0.000	8049
58265.342217	2275215440.000	   0.000	8049
58265.342912	2275215490.000	   0.000	8049
58265.343490	2275215530.000	   0.000	8049
58265.344069	2275215590.000	   0.000	8049
58265.344648	2275215620.000	   0.000	8049
58265.344879	2275215650.000	   0.000	8049
58265.345226	2275215670.000	   0.000	8049
58265.345805	2275215700.000	   0.000	8049
58265.346499	2275215770.000	   0.000	8049
58265.347194	2275215820.000	   0.000	8049
58265.347541	2275215850.000	   0.000	8049
58265.348351	2275215900.000	   0.000	8049
58265.348815	2275215940.000	   0.000	8049
58265.349393	2275215980.000	   0.000	8049
58265.349740	2275216000.000	   0.000	8049
58265.349856	2275216030.000	   0.000	8049
58265.349972	2275216030.000	   0.000	8049
58265.350203	2275216060.000	   0.000	8049
58265.350550	2275216070.000	   0.000	8049
58265.351129	2275216100.000	   0.000	8049
58265.351592	2275216140.000	   0.000	8049
58265.352055	2275216170.000	   0.000	8049
58265.352402	2275216190.000	   0.000	8049
58265.352865	2275216220.000	   0.000	8049
58265.353097	2275216260.000	   0.000	8049
58265.353560	2275216280.000	   0.000	8049
58265.354023	2275216310.000	   0.000	8049
58265.354370	2275216320.000	   0.000	8049
58265.355180	2275216370.000	   0.000	8049
58265.355759	2275216420.000	   0.000	8049
58265.356569	2275216460.000	   0.000	8049
58265.356916	2275216490.000	   0.000	8049
58265.357379	2275216530.000	   0.000	8049
58265.358074	2275216560.000	   0.000	8049
58265.358768	2275216600.000	   0.000	8049
58265.359231	2275216630.000	   0.000	8049
58265.359694	2275216660.000	   0.000	8049
58265.360273	2275216680.000	   0.000	8049
58265.360851	2275216730.000	   0.000	8049
58265.361777	2275216790.000	   0.000	8049
58265.362356	2275216800.000	   0.000	8049
58265.362819	2275216850.000	   0.000	8049
58265.363166	2275216870.000	   0.000	8049
58265.363861	2275216920.000	   0.000	8049
58265.364555	2275216950.000	   0.000	8049
58265.365481	2275216980.000	   0.000	8049
58265.366060	2275217030.000	   0.000	8049
58265.366870	2275217050.000	   0.000	8049
58265.367333	2275217100.000	   0.000	8049
58265.367796	2275217130.000	   0.000	8049
58265.368722	2275217160.000	   0.000	8049
58265.369763	2275217220.000	   0.000	8049
58265.370458	2275217250.000	   0.000	8049
58265.371847	2275217320.000	   0.000	8049
58265.372425	2275217340.000	   0.000	8049
58265.372541	2275217360.000	   0.000	8049
58265.373351	2275217390.000	   0.000	8049
58265.373815	2275217420.000	   0.000	8049
58267.226130 2275223410.000000 0.000211 8049
58267.226940 2275223420.000000 0.000215 8049
58267.228097 2275223430.000000 0.000161 8049
58267.228907 2275223430.000000 0.000225 8049
58267.229486 2275223440.000000 0.000230 8049
58267.230643 2275223450.000000 0.000201 8049
58267.231454 2275223460.000000 0.000223 8049
58267.233653 2275223480.000000 0.000228 8049
58267.235041 2275223490.000000 0.000220 8049
58267.236778 2275223500.000000 0.000255 8049
58267.238167 2275223510.000000 0.000247 8049
58267.239555 2275223520.000000 0.000205 8049
58267.240481 2275223530.000000 0.000251 8049
58267.244416 2275223550.000000 0.000210 8049
58267.249972 2275223590.000000 0.000249 8049
58267.251361 2275223600.000000 0.000174 8049
58267.253097 2275223600.000000 0.000178 8049
58267.253907 2275223610.000000 0.000227 8049
58267.256685 2275223620.000000 0.000235 8049
58267.260620 2275223640.000000 0.000208 8049
58267.270227 2275223680.000000 0.000192 8049
58267.277750 2275223710.000000 0.000180 8049
58267.282843 2275223730.000000 0.000174 8049
58267.286546 2275223730.000000 0.000217 8049
58267.289555 2275223740.000000 0.000215 8049
58267.292449 2275223750.000000 0.000185 8049
58267.294995 2275223750.000000 0.000211 8049
58267.297194 2275223760.000000 0.000198 8049
58267.300898 2275223770.000000 0.000179 8049
58267.304833 2275223770.000000 0.000228 8049
58267.307264 2275223780.000000 0.000202 8049
58267.309810 2275223780.000000 0.000218 8049
58267.313167 2275223790.000000 0.000206 8049
58267.316870 2275223790.000000 0.000189 8049
58267.321384 2275223790.000000 0.000181 8049
58267.325319 2275223800.000000 0.000221 8049
58267.328907 2275223800.000000 0.000225 8049
58267.338514 2275223800.000000 0.000227 8049
58267.340713 2275223800.000000 0.000287 8049
58267.344069 2275223790.000000 0.000207 8049
58267.347773 2275223780.000000 0.000187 8049
58267.349162 2275223760.000000 0.000241 8049
58267.352287 2275223740.000000 0.000242 8049
58267.355065 2275223690.000000 0.000213 8049
58267.356454 2275223680.000000 0.000245 8049
58267.359347 2275223710.000000 0.000207 8049
58267.362125 2275223740.000000 0.000234 8049
58267.364324 2275223750.000000 0.000230 8049
58267.367217 2275223760.000000 0.000205 8049
58267.371616 2275223770.000000 0.000163 8049
58267.376477 2275223770.000000 0.000227 8049
58267.377866 2275223780.000000 0.000218 8049
58267.381222 2275223780.000000 0.000236 8049
58268.259000 2275224750.000000 0.000223 8049
58268.260273 2275224750.000000 0.000205 8049
58268.261431 2275224780.000000 0.000262 8049
58268.263051 2275224810.000000 0.000222 8049
58268.264093 2275224840.000000 0.000228 8049
58268.265481 2275224840.000000 0.000187 8049
58268.266407 2275224870.000000 0.000225 8049
58268.267565 2275224890.000000 0.000270 8049
58268.268143 2275224900.000000 0.000264 8049
58268.268606 2275224910.000000 0.000202 8049
58268.269301 2275224910.000000 0.000256 8049
58268.270111 2275224910.000000 0.000253 8049
58268.270690 2275224920.000000 0.000235 8049
58268.275435 2275224970.000000 0.000222 8049
58268.276593 2275224980.000000 0.000192 8049
58268.277519 2275225000.000000 0.000274 8049
58268.278097 2275225000.000000 0.000169 8049
58268.284926 2275225080.000000 0.000214 8049
58268.285852 2275225100.000000 0.000212 8049
58268.286662 2275225100.000000 0.000214 8049
58268.290713 2275225120.000000 0.000211 8049
58268.291755 2275225120.000000 0.000210 8049
58268.292681 2275225140.000000 0.000255 8049
58268.312935 2275225240.000000 0.000209 8049
58268.313282 2275225250.000000 0.000253 8049
58268.313861 2275225260.000000 0.000255 8049
58268.317796 2275225260.000000 0.000191 8049
58268.318954 2275225270.000000 0.000225 8049
58268.319995 2275225280.000000 0.000196 8049
58268.320690 2275225290.000000 0.000220 8049
58268.321616 2275225290.000000 0.000199 8049
58268.322079 2275225290.000000 0.000215 8049
58268.331107 2275225320.000000 0.000187 8049
58268.332495 2275225320.000000 0.000227 8049
58268.333305 2275225330.000000 0.000211 8049
58268.334463 2275225320.000000 0.000218 8049
58268.335389 2275225330.000000 0.000214 8049
58268.337125 2275225340.000000 0.000244 8049
58268.338630 2275225350.000000 0.000163 8049
58268.340018 2275225340.000000 0.000213 8049
58268.341986 2275225360.000000 0.000229 8049
58268.342912 2275225360.000000 0.000181 8049
58268.344185 2275225350.000000 0.000202 8049
58268.349162 2275225370.000000 0.000169 8049
58268.350319 2275225370.000000 0.000176 8049
58268.351245 2275225380.000000 0.000218 8049
58268.352056 2275225380.000000 0.000221 8049
58268.352866 2275225380.000000 0.000223 8049
58268.353792 2275225390.000000 0.000229 8049
58268.354139 2275225400.000000 0.000174 8049
58268.349278 2275225370.000000 0.000187 8049
58268.351014 2275225380.000000 0.000211 8049
58268.352518 2275225380.000000 0.000237 8049
58268.353560 2275225400.000000 0.000223 8049
58268.354370 2275225390.000000 0.000211 8049
58268.356338 2275225390.000000 0.000190 8049
58268.358306 2275225400.000000 0.000218 8049
58268.359116 2275225400.000000 0.000234 8049
58268.364556 2275225390.000000 0.000212 8049
58268.365481 2275225400.000000 0.000187 8049
58268.367449 2275225400.000000 0.000190 8049
58268.369301 2275225420.000000 0.000241 8049
58268.370574 2275225420.000000 0.000224 8049
58268.371616 2275225420.000000 0.000241 8049
58268.372194 2275225430.000000 0.000224 8049
58268.372889 2275225430.000000 0.000286 8049
58268.373468 2275225420.000000 0.000184 8049
58268.374394 2275225420.000000 0.000228 8049
58268.375551 2275225420.000000 0.000230 8049
58268.377518 2275225440.000000 0.000218 8049
58268.378329 2275225440.000000 0.000234 8049
58268.380065 2275225430.000000 0.000212 8049
58268.399046 2275225440.000000 0.000244 8049
58268.399972 2275225430.000000 0.000227 8049
58268.400551 2275225430.000000 0.000218 8049
58268.401824 2275225440.000000 0.000224 8049
58268.402750 2275225450.000000 0.000248 8049
58268.403445 2275225450.000000 0.000222 8049
58268.404255 2275225450.000000 0.000211 8049
58268.405412 2275225450.000000 0.000191 8049
58268.406338 2275225450.000000 0.000220 8049
58268.407264 2275225450.000000 0.000208 8049
58268.409232 2275225470.000000 0.000248 8049
58268.411315 2275225470.000000 0.000211 8049
58268.412704 2275225470.000000 0.000179 8049
58268.413745 2275225480.000000 0.000212 8049
58268.414556 2275225480.000000 0.000216 8049
58268.415366 2275225490.000000 0.000228 8049
58268.416407 2275225500.000000 0.000203 8049
58268.417218 2275225500.000000 0.000215 8049
58268.261546 2275224780.000000 0.000238 8049
58268.263514 2275224830.000000 0.000209 8049
58268.264093 2275224830.000000 0.000237 8049
58268.265018 2275224850.000000 0.000262 8049
58268.265597 2275224860.000000 0.000225 8049
58268.266060 2275224880.000000 0.000152 8049
58268.267102 2275224880.000000 0.000197 8049
58268.267681 2275224880.000000 0.000213 8049
58268.268259 2275224900.000000 0.000177 8049
58268.268838 2275224900.000000 0.000211 8049
58268.269648 2275224920.000000 0.000217 8049
58268.270574 2275224900.000000 0.000184 8049
58268.274741 2275224980.000000 0.000229 8049
58268.275319 2275224980.000000 0.000171 8049
58268.275667 2275224970.000000 0.000240 8049
58268.276014 2275224980.000000 0.000209 8049
58268.276708 2275224980.000000 0.000202 8049
58268.277403 2275224990.000000 0.000193 8049
58268.278213 2275224990.000000 0.000213 8049
58268.278676 2275225010.000000 0.000219 8049
58268.282611 2275225060.000000 0.000213 8049
58268.283074 2275225060.000000 0.000237 8049
58268.284000 2275225080.000000 0.000238 8049
58268.284694 2275225080.000000 0.000219 8049
58268.285967 2275225100.000000 0.000212 8049
58268.286662 2275225100.000000 0.000214 8049
58268.287472 2275225100.000000 0.000215 8049
58268.289903 2275225120.000000 0.000224 8049
58268.290597 2275225140.000000 0.000185 8049
58268.291986 2275225120.000000 0.000215 8049
58268.292218 2275225120.000000 0.000197 8049
58268.292565 2275225120.000000 0.000175 8049
58268.292681 2275225120.000000 0.000160 8049
58268.312588 2275225240.000000 0.000171 8049
58268.313398 2275225260.000000 0.000209 8049
58268.314440 2275225260.000000 0.000212 8049
58268.315134 2275225260.000000 0.000208 8049
58268.316639 2275225270.000000 0.000197 8049
58268.317565 2275225260.000000 0.000270 8049
58268.318143 2275225270.000000 0.000231 8049
58268.319070 2275225270.000000 0.000168 8049
58268.319532 2275225270.000000 0.000177 8049
58268.320227 2275225290.000000 0.000234 8049
58268.321269 2275225270.000000 0.000187 8049
58268.322194 2275225270.000000 0.000182 8049
58268.323468 2275225290.000000 0.000192 8049
58268.324278 2275225290.000000 0.000210 8049
58268.325783 2275225290.000000 0.000223 8049
58268.327171 2275225290.000000 0.000202 8049
58268.328676 2275225300.000000 0.000183 8049
58268.329023 2275225300.000000 0.000198 8049
58268.330296 2275225310.000000 0.000181 8049
58268.331222 2275225320.000000 0.000202 8049
58268.331685 2275225320.000000 0.000237 8049
58268.332495 2275225320.000000 0.000227 8049
58268.332958 2275225320.000000 0.000190 8049
58268.333190 2275225320.000000 0.000151 8049
58268.333653 2275225310.000000 0.000182 8049
58268.334347 2275225330.000000 0.000216 8049
58268.335042 2275225330.000000 0.000234 8049
58268.336199 2275225330.000000 0.000191 8049
58268.337588 2275225340.000000 0.000184 8049
58268.338283 2275225350.000000 0.000166 8049
58268.339208 2275225350.000000 0.000190 8049
58268.339903 2275225350.000000 0.000230 8049
58268.340713 2275225360.000000 0.000198 8049
58268.341639 2275225350.000000 0.000190 8049
58268.346847 2275225390.000000 0.000197 8049
58268.348352 2275225420.000000 0.000161 8049
58268.350435 2275225370.000000 0.000212 8049
58268.352866 2275225390.000000 0.000223 8049
58268.353560 2275225390.000000 0.000228 8049
58268.354255 2275225390.000000 0.000167 8049
58268.356801 2275225420.000000 0.000192 8049
58268.357380 2275225390.000000 0.000207 8049
58268.358190 2275225400.000000 0.000207 8049
58268.358884 2275225420.000000 0.000177 8049
58268.369070 2275225420.000000 0.000198 8049
58268.370111 2275225420.000000 0.000213 8049
58268.370690 2275225420.000000 0.000265 8049
58268.371269 2275225420.000000 0.000267 8049
58268.371847 2275225420.000000 0.000210 8049
58268.372542 2275225420.000000 0.000237 8049
58268.373121 2275225420.000000 0.000225 8049
58268.374972 2275225420.000000 0.000205 8049
58268.377634 2275225420.000000 0.000187 8049
58268.378445 2275225420.000000 0.000186 8049
58268.399162 2275225420.000000 0.000258 8049
58268.400204 2275225450.000000 0.000192 8049
58268.400551 2275225440.000000 0.000238 8049
58268.401361 2275225440.000000 0.000197 8049
58268.401824 2275225450.000000 0.000181 8049
58268.403445 2275225450.000000 0.000222 8049
58268.404833 2275225450.000000 0.000249 8049
58268.405412 2275225450.000000 0.000191 8049
58268.405528 2275225450.000000 0.000221 8049
58268.405875 2275225450.000000 0.000258 8049
58268.406107 2275225470.000000 0.000253 8049
58268.409116 2275225470.000000 0.000242 8049
58268.410968 2275225470.000000 0.000212 8049
58268.414671 2275225490.000000 0.000241 8049
58268.415250 2275225490.000000 0.000259 8049
58268.415597 2275225490.000000 0.000182 8049
58268.416292 2275225470.000000 0.000204 8049
58268.416755 2275225500.000000 0.000182 8049
58270.353908 2275232510.000000 0.000204 8049
58270.354371 2275232560.000000 0.000255 8049
58270.355065 2275232580.000000 0.000237 8049
58270.355760 2275232630.000000 0.000229 8049
58270.356454 2275232660.000000 0.000255 8049
58270.357264 2275232700.000000 0.000246 8049
58270.358190 2275232720.000000 0.000219 8049
58270.359695 2275232830.000000 0.000297 8049
58270.360274 2275232860.000000 0.000200 8049
58270.360852 2275232890.000000 0.000226 8049
58270.361894 2275232940.000000 0.000185 8049
58270.362588 2275233010.000000 0.000230 8049
58270.363514 2275233050.000000 0.000263 8049
58270.381801 2275234370.000000 0.000244 8049
58270.382033 2275234410.000000 0.000229 8049
58270.382496 2275234420.000000 0.000210 8049
58270.382843 2275234460.000000 0.000198 8049
58270.383306 2275234510.000000 0.000235 8049
58270.384232 2275234600.000000 0.000224 8049
58270.384926 2275234640.000000 0.000173 8049
58270.385042 2275234680.000000 0.000212 8049
58270.385389 2275234700.000000 0.000207 8049
58270.387820 2275234940.000000 0.000247 8049
58270.388283 2275234990.000000 0.000247 8049
58270.388514 2275235010.000000 0.000235 8049
58270.388977 2275235060.000000 0.000252 8049
58270.389209 2275235080.000000 0.000260 8049
58270.389788 2275235100.000000 0.000200 8049
58270.390366 2275235210.000000 0.000193 8049
58270.390829 2275235210.000000 0.000180 8049
58270.391408 2275235260.000000 0.000192 8049
58270.391176 2275235280.000000 0.000313 8049
58270.391408 2275235320.000000 0.000174 8049
58270.391639 2275235340.000000 0.000233 8049
58270.392449 2275235420.000000 0.000278 8049
58270.392912 2275235460.000000 0.000219 8049
58270.394417 2275235640.000000 0.000267 8049
58270.394996 2275235690.000000 0.000206 8049
58270.395459 2275235760.000000 0.000286 8049
58270.396269 2275235850.000000 0.000234 8049
58270.396616 2275235870.000000 0.000219 8049
58270.397658 2275236040.000000 0.000194 8049
58270.398236 2275236080.000000 0.000216 8049
58270.398584 2275236140.000000 0.000222 8049
58270.398931 2275236170.000000 0.000269 8049
58270.399278 2275236220.000000 0.000241 8049
58270.399741 2275236250.000000 0.000224 8049
58270.399857 2275236290.000000 0.000262 8049
58270.400088 2275236330.000000 0.000168 8049
58270.400436 2275236370.000000 0.000215 8049
58270.400898 2275236370.000000 0.000215 8049
58270.401130 2275236460.000000 0.000167 8049
58270.401708 2275236510.000000 0.000252 8049
58270.401940 2275236560.000000 0.000257 8049
58270.402519 2275236600.000000 0.000217 8049
58270.402982 2275236660.000000 0.000218 8049
58270.403329 2275236700.000000 0.000220 8049
58270.403560 2275236740.000000 0.000164 8049
58270.404371 2275236830.000000 0.000188 8049
58270.405181 2275236950.000000 0.000214 8049
58270.405412 2275236990.000000 0.000239 8049
58270.408653 2275237390.000000 0.000198 8049
58270.408885 2275237430.000000 0.000243 8049
58270.409116 2275237460.000000 0.000254 8049
58270.409695 2275237530.000000 0.000209 8049
58270.410274 2275237600.000000 0.000251 8049
58270.410736 2275237650.000000 0.000261 8049
58270.410968 2275237670.000000 0.000197 8049
58270.411315 2275237740.000000 0.000285 8049
58270.411778 2275237790.000000 0.000265 8049
58270.412357 2275237840.000000 0.000267 8049
58270.412820 2275237890.000000 0.000216 8049
58270.413283 2275237940.000000 0.000209 8049
58270.413630 2275237980.000000 0.000281 8049
58270.414093 2275238020.000000 0.000234 8049
58270.414324 2275238050.000000 0.000313 8049
58270.414788 2275238080.000000 0.000266 8049
58270.415019 2275238100.000000 0.000212 8049
58270.415482 2275238120.000000 0.000215 8049
58270.415945 2275238170.000000 0.000232 8049
58270.416292 2275238200.000000 0.000248 8049
58270.416871 2275238240.000000 0.000285 8049
58270.417102 2275238250.000000 0.000304 8049
58270.417565 2275238260.000000 0.000213 8049
58270.418028 2275238270.000000 0.000192 8049
58270.418260 2275238300.000000 0.000217 8049
58270.418723 2275238300.000000 0.000265 8049
58270.418954 2275238300.000000 0.000262 8049
58270.419533 2275238300.000000 0.000225 8049
58270.419880 2275238300.000000 0.000224 8049
58270.420227 2275238290.000000 0.000233 8049
58270.420922 2275238270.000000 0.000313 8049
58270.421384 2275238250.000000 0.000268 8049
58270.421732 2275238220.000000 0.000237 8049
58270.422426 2275238170.000000 0.000238 8049
58270.422889 2275238100.000000 0.000218 8049
58270.423584 2275238050.000000 0.000238 8049
58270.423815 2275237990.000000 0.000235 8049
58270.424162 2275237940.000000 0.000166 8049
58270.424278 2275237890.000000 0.000230 8049
58270.424741 2275237820.000000 0.000250 8049
58270.425088 2275237760.000000 0.000206 8049
58270.424857 2275237790.000000 0.000244 8049
58270.425320 2275237720.000000 0.000240 8049
58270.425436 2275237670.000000 0.000208 8049
58270.425667 2275237610.000000 0.000205 8049
58270.425783 2275237560.000000 0.000290 8049
58270.426014 2275237540.000000 0.000153 8049
58270.426130 2275237510.000000 0.000184 8049
58270.426246 2275237460.000000 0.000221 8049
58270.426361 2275237410.000000 0.000227 8049
58270.427172 2275237180.000000 0.000200 8049
58270.427403 2275237110.000000 0.000183 8049
58270.427519 2275237050.000000 0.000220 8049
58270.427750 2275236960.000000 0.000228 8049
58270.427750 2275236910.000000 0.000191 8049
58270.427982 2275236860.000000 0.000220 8049
58270.428213 2275236830.000000 0.000211 8049
58270.428213 2275236770.000000 0.000212 8049
58270.428560 2275236690.000000 0.000177 8049
58270.428560 2275236660.000000 0.000263 8049
58270.428908 2275236550.000000 0.000203 8049
58270.429023 2275236470.000000 0.000193 8049
58270.429487 2275236310.000000 0.000237 8049
58270.464440 2275221280.000000 0.000230 8049
58270.464672 2275221240.000000 0.000273 8049
58270.464787 2275221210.000000 0.000205 8049
58270.464903 2275221200.000000 0.000270 8049
58270.465135 2275221180.000000 0.000334 8049
58270.465366 2275221160.000000 0.000273 8049
58270.465598 2275221140.000000 0.000233 8049
58270.466060 2275221080.000000 0.000310 8049
58270.466292 2275221050.000000 0.000245 8049
58270.466523 2275221010.000000 0.000242 8049
58270.467565 2275220910.000000 0.000227 8049
58270.467797 2275220890.000000 0.000288 8049
58270.468028 2275220850.000000 0.000212 8049
58270.468144 2275220830.000000 0.000254 8049
58270.468607 2275220820.000000 0.000298 8049
58270.468722 2275220800.000000 0.000275 8049
58270.468838 2275220790.000000 0.000238 8049
58270.469185 2275220740.000000 0.000230 8049
58270.469533 2275220720.000000 0.000236 8049
58270.469649 2275220720.000000 0.000301 8049
58270.469764 2275220720.000000 0.000236 8049
58270.471501 2275220570.000000 0.000285 8049
58270.471963 2275220550.000000 0.000250 8049
58270.472311 2275220520.000000 0.000223 8049
58270.472658 2275220500.000000 0.000266 8049
58270.473121 2275220450.000000 0.000217 8049
58270.473236 2275220450.000000 0.000252 8049
58270.473352 2275220430.000000 0.000252 8049
58270.473815 2275220410.000000 0.000312 8049
58270.474163 2275220360.000000 0.000242 8049
58270.474510 2275220350.000000 0.000282 8049
58270.474741 2275220350.000000 0.000207 8049
58270.475204 2275220300.000000 0.000243 8049
58270.475320 2275220300.000000 0.000244 8049
58270.476014 2275220270.000000 0.000241 8049
58270.476246 2275220260.000000 0.000223 8049
58270.476708 2275220210.000000 0.000253 8049
58270.477172 2275220200.000000 0.000295 8049
58270.477403 2275220180.000000 0.000241 8049
58270.477866 2275220140.000000 0.000230 8049
58270.478792 2275220110.000000 0.000245 8049
58271.350667 2275222980.000000 0.000226 8049
58271.351246 2275222950.000000 0.000217 8049
58271.351940 2275222930.000000 0.000222 8049
58271.352519 2275222920.000000 0.000225 8049
58271.353445 2275222890.000000 0.000261 8049
58271.353908 2275222880.000000 0.000235 8049
58271.354255 2275222860.000000 0.000229 8049
58271.355181 2275222850.000000 0.000288 8049
58271.355528 2275222840.000000 0.000244 8049
58271.356107 2275222830.000000 0.000293 8049
58271.356686 2275222810.000000 0.000200 8049
58271.357380 2275222800.000000 0.000246 8049
58271.358190 2275222780.000000 0.000219 8049
58271.358769 2275222770.000000 0.000265 8049
58271.359463 2275222750.000000 0.000242 8049
58271.360042 2275222740.000000 0.000267 8049
58271.360968 2275222730.000000 0.000263 8049
58271.361315 2275222720.000000 0.000268 8049
58271.361894 2275222720.000000 0.000208 8049
58271.362010 2275222710.000000 0.000290 8049
58271.362357 2275222700.000000 0.000278 8049
58271.362704 2275222700.000000 0.000249 8049
58271.363283 2275222690.000000 0.000286 8049
58271.363630 2275222680.000000 0.000281 8049
58271.364209 2275222670.000000 0.000235 8049
58271.365019 2275222660.000000 0.000363 8049
58271.365482 2275222650.000000 0.000333 8049
58271.365945 2275222640.000000 0.000305 8049
58271.366639 2275222630.000000 0.000303 8049
58271.367102 2275222620.000000 0.000274 8049
58271.367797 2275222610.000000 0.000308 8049
58271.368260 2275222610.000000 0.000239 8049
58271.368607 2275222600.000000 0.000262 8049
58271.369070 2275222590.000000 0.000235 8049
58271.369880 2275222580.000000 0.000251 8049
58271.370227 2275222570.000000 0.000273 8049
58271.370806 2275222570.000000 0.000245 8049
58271.371153 2275222570.000000 0.000210 8049
58271.372079 2275222550.000000 0.000275 8049
58271.372773 2275222540.000000 0.000222 8049
58271.373121 2275222540.000000 0.000258 8049
58271.373700 2275222530.000000 0.000295 8049
58271.374278 2275222530.000000 0.000268 8049
58271.374625 2275222520.000000 0.000300 8049
58271.375088 2275222520.000000 0.000263 8049
58271.376014 2275222510.000000 0.000210 8049
58271.376593 2275222500.000000 0.000210 8049
58271.376940 2275222500.000000 0.000192 8049
58271.377056 2275222500.000000 0.000203 8049
58271.377519 2275222490.000000 0.000233 8049
58271.379487 2275222470.000000 0.000222 8049
58271.380181 2275222470.000000 0.000249 8049
58271.380876 2275222460.000000 0.000247 8049
58271.381454 2275222450.000000 0.000243 8049
58271.382727 2275222440.000000 0.000259 8049
58271.383422 2275222430.000000 0.000227 8049
58271.384116 2275222430.000000 0.000227 8049
58271.385505 2275222420.000000 0.000289 8049
58271.385852 2275222410.000000 0.000226 8049
58271.386431 2275222410.000000 0.000197 8049
58271.387010 2275222400.000000 0.000212 8049
58271.387704 2275222390.000000 0.000234 8049
58271.388283 2275222400.000000 0.000203 8049
58271.388746 2275222400.000000 0.000218 8049
58271.389093 2275222390.000000 0.000235 8049
58271.390019 2275222380.000000 0.000198 8049
58271.391292 2275222370.000000 0.000228 8049
58271.391871 2275222370.000000 0.000201 8049
58271.392681 2275222360.000000 0.000227 8049
58271.393491 2275222360.000000 0.000259 8049
58271.393954 2275222340.000000 0.000215 8049
58271.394301 2275222350.000000 0.000259 8049
58271.395459 2275222340.000000 0.000248 8049
58271.396732 2275222330.000000 0.000206 8049
58271.397773 2275222320.000000 0.000213 8049
58271.398815 2275222320.000000 0.000211 8049
58271.399394 2275222320.000000 0.000203 8049
58271.400320 2275222310.000000 0.000259 8049
58271.401014 2275222310.000000 0.000175 8049
58271.402056 2275222300.000000 0.000218 8049
58271.402635 2275222290.000000 0.000197 8049
58271.403098 2275222290.000000 0.000218 8049
58271.404371 2275222290.000000 0.000185 8049
58271.405297 2275222280.000000 0.000231 8049
58271.406223 2275222280.000000 0.000197 8049
58271.407148 2275222270.000000 0.000205 8049
58271.407496 2275222270.000000 0.000167 8049
58271.408190 2275222260.000000 0.000216 8049
58271.409116 2275222260.000000 0.000181 8049
58271.409926 2275222250.000000 0.000211 8049
58271.411084 2275222240.000000 0.000195 8049
58271.411547 2275222240.000000 0.000233 8049
58271.412010 2275222240.000000 0.000241 8049
58271.412473 2275222240.000000 0.000239 8049
58271.413051 2275222230.000000 0.000265 8049
58271.413399 2275222230.000000 0.000210 8049
58271.413746 2275222230.000000 0.000223 8049
58271.415135 2275222230.000000 0.000203 8049
58271.415135 2275222230.000000 0.000203 8049
58271.415714 2275222220.000000 0.000180 8049
58271.416292 2275222220.000000 0.000235 8049
58271.416986 2275222220.000000 0.000214 8049
58271.417218 2275222210.000000 0.000222 8049
58271.417681 2275222210.000000 0.000255 8049
58271.418260 2275222210.000000 0.000303 8049
58271.418723 2275222200.000000 0.000239 8049
58271.419186 2275222200.000000 0.000243 8049
58271.419880 2275222210.000000 0.000218 8049
58271.420343 2275222200.000000 0.000300 8049
58271.420575 2275222190.000000 0.000265 8049
58271.421153 2275222190.000000 0.000291 8049
58271.421848 2275222190.000000 0.000291 8049
58271.422426 2275222190.000000 0.000274 8049
58271.422773 2275222180.000000 0.000300 8049
58271.423121 2275222180.000000 0.000288 8049
58271.423584 2275222180.000000 0.000223 8049
58271.424163 2275222180.000000 0.000245 8049
58271.424741 2275222170.000000 0.000168 8049
58271.425204 2275222170.000000 0.000166 8049
58271.426014 2275222170.000000 0.000173 8049
58271.426362 2275222170.000000 0.000158 8049
58271.427172 2275222170.000000 0.000181 8049
58271.427751 2275222170.000000 0.000160 8049
58271.428098 2275222160.000000 0.000296 8049
58271.428676 2275222160.000000 0.000313 8049
58271.429255 2275222160.000000 0.000241 8049
58271.429718 2275222160.000000 0.000270 8049
58271.430760 2275222140.000000 0.000241 8049
58271.431223 2275222140.000000 0.000210 8049
58271.431917 2275222150.000000 0.000244 8049
58271.432264 2275222140.000000 0.000203 8049
58271.433190 2275222140.000000 0.000262 8049
58271.434000 2275222140.000000 0.000211 8049
58271.435158 2275222130.000000 0.000189 8049
58271.435968 2275222120.000000 0.000210 8049
58271.436431 2275222120.000000 0.000175 8049
58271.436894 2275222120.000000 0.000266 8049
58271.437473 2275222120.000000 0.000256 8049
58271.438167 2275222110.000000 0.000197 8049
58271.439209 2275222110.000000 0.000298 8049
58271.440135 2275222110.000000 0.000312 8049
58271.439787 2275222110.000000 0.000252 8049
58271.440482 2275222110.000000 0.000287 8049
58271.440829 2275222110.000000 0.000263 8049
58271.441176 2275222100.000000 0.000241 8049
58271.441408 2275222100.000000 0.000248 8049
58271.441639 2275222100.000000 0.000220 8049
58271.441755 2275222100.000000 0.000259 8049
58271.441755 2275222100.000000 0.000259 8049
58271.442449 2275222100.000000 0.000288 8049
58271.443376 2275222100.000000 0.000233 8049
58271.443954 2275222090.000000 0.000251 8049
58271.444880 2275222090.000000 0.000365 8049
58271.445575 2275222090.000000 0.000239 8049
58271.446038 2275222080.000000 0.000207 8049
58271.446385 2275222080.000000 0.000284 8049
58271.446848 2275222080.000000 0.000283 8049
58271.446963 2275222080.000000 0.000264 8049
58271.447310 2275222080.000000 0.000266 8049
58271.447542 2275222080.000000 0.000257 8049
58271.448468 2275222080.000000 0.000211 8049
58271.448931 2275222070.000000 0.000217 8049
58271.449857 2275222080.000000 0.000207 8049
58271.450089 2275222060.000000 0.000176 8049
58271.451246 2275222060.000000 0.000233 8049
58271.451824 2275222060.000000 0.000273 8049
58271.452403 2275222060.000000 0.000268 8049
58271.452519 2275222060.000000 0.000242 8049
58271.453445 2275222050.000000 0.000259 8049
58271.454487 2275222050.000000 0.000248 8049
58271.454834 2275222050.000000 0.000266 8049
58271.456454 2275222050.000000 0.000238 8049
58271.456686 2275222050.000000 0.000257 8049
58271.456917 2275222050.000000 0.000224 8049
58271.457264 2275222050.000000 0.000231 8049
58271.457959 2275222040.000000 0.000261 8049
58271.458075 2275222040.000000 0.000295 8049
58271.458306 2275222040.000000 0.000289 8049
58271.458653 2275222040.000000 0.000236 8049
58271.459232 2275222030.000000 0.000226 8049
58271.459579 2275222030.000000 0.000257 8049
58271.459926 2275222030.000000 0.000305 8049
58271.460274 2275222030.000000 0.000237 8049
58271.460621 2275222040.000000 0.000220 8049
58271.460621 2275222030.000000 0.000298 8049
58271.461200 2275222030.000000 0.000250 8049
58271.461894 2275222030.000000 0.000293 8049
58271.462125 2275222020.000000 0.000250 8049
58271.462473 2275222020.000000 0.000255 8049
58271.451709 2275222060.000000 0.000296 8049
58271.452172 2275222060.000000 0.000251 8049
58271.452519 2275222060.000000 0.000242 8049
58271.452982 2275222060.000000 0.000290 8049
58271.452982 2275222060.000000 0.000290 8049
58271.453213 2275222050.000000 0.000247 8049
58271.453792 2275222050.000000 0.000267 8049
58271.454487 2275222050.000000 0.000248 8049
58271.454834 2275222050.000000 0.000266 8049
58271.455065 2275222050.000000 0.000286 8049
58271.455297 2275222050.000000 0.000228 8049
58271.455413 2275222050.000000 0.000252 8049
58271.455644 2275222040.000000 0.000201 8049
58271.456570 2275222050.000000 0.000273 8049
58271.456570 2275222050.000000 0.000273 8049
58271.457380 2275222050.000000 0.000290 8049
58271.457496 2275222050.000000 0.000219 8049
58271.457843 2275222040.000000 0.000291 8049
58271.457959 2275222040.000000 0.000261 8049
58271.458538 2275222040.000000 0.000261 8049
58271.458885 2275222040.000000 0.000256 8049
58271.459116 2275222030.000000 0.000201 8049
58271.460042 2275222040.000000 0.000257 8049
58271.460621 2275222030.000000 0.000298 8049
58271.461084 2275222020.000000 0.000202 8049
58271.461315 2275222020.000000 0.000260 8049
58271.461315 2275222020.000000 0.000260 8049
58271.462704 2275222020.000000 0.000278 8049
58271.463630 2275222010.000000 0.000174 8049
58271.464325 2275222020.000000 0.000296 8049
58271.465366 2275222010.000000 0.000272 8049
58271.466061 2275222010.000000 0.000233 8049
58271.467102 2275222010.000000 0.000203 8049
58271.467565 2275222000.000000 0.000252 8049
58271.467913 2275222000.000000 0.000256 8049
58271.469186 2275222000.000000 0.000207 8049
58271.470690 2275221990.000000 0.000223 8049
58271.471269 2275221990.000000 0.000217 8049
58271.472195 2275221980.000000 0.000215 8049
58271.472889 2275221990.000000 0.000225 8049
58271.473468 2275221980.000000 0.000267 8049
58271.474047 2275221970.000000 0.000220 8049
58271.475204 2275221980.000000 0.000246 8049
58271.475899 2275221970.000000 0.000306 8049
58271.477635 2275221970.000000 0.000214 8049
58271.477635 2275221970.000000 0.000214 8049
58271.478445 2275221970.000000 0.000201 8049
58271.478676 2275221970.000000 0.000181 8049
58271.480065 2275221970.000000 0.000265 8049
58271.480644 2275221970.000000 0.000171 8049
58271.480413 2275221950.000000 0.000227 8049
58271.480876 2275221950.000000 0.000259 8049
58271.482148 2275221940.000000 0.000246 8049
58271.483075 2275221940.000000 0.000228 8049
58271.484463 2275221940.000000 0.000238 8049
58271.485158 2275221940.000000 0.000185 8049
58271.487125 2275221930.000000 0.000233 8049
58271.488977 2275221920.000000 0.000254 8049
58271.490714 2275221910.000000 0.000203 8049
58271.491524 2275221920.000000 0.000229 8049
58271.493144 2275221920.000000 0.000213 8049
58271.493838 2275221900.000000 0.000238 8049
58271.495459 2275221900.000000 0.000271 8049
58271.496500 2275221900.000000 0.000222 8049
58271.496500 2275221900.000000 0.000222 8049
58271.498931 2275221870.000000 0.000196 8049
58271.499162 2275221870.000000 0.000207 8049
58271.499625 2275221880.000000 0.000255 8049
58271.499857 2275221880.000000 0.000278 8049
58271.501477 2275221870.000000 0.000277 8049
58271.502866 2275221870.000000 0.000250 8049
58271.503676 2275221870.000000 0.000245 8049
58271.506223 2275221860.000000 0.000251 8049
58271.509116 2275221850.000000 0.000239 8049
58271.510737 2275221850.000000 0.000302 8049
58271.515945 2275221830.000000 0.000216 8049
58271.516292 2275221830.000000 0.000286 8049
