28696.09691216356      -1556.652083724844     642.2154103705921      469.6774394314787      
28696.09692373764      -1556.706415820414     640.1987198173194      470.6567290373428      
28696.09693531171      -1556.75932937285      638.1814419824864      471.6355863379722      
28696.09694688579      -1556.81082329458      636.1635782753383      472.6140101195701      
28696.09695845986      -1556.86089649774      634.1451301175937      473.5919991678292      
28696.09697003393      -1556.909547899743     632.1260989292653      474.5695522681739      
28696.09698160801      -1556.956776420026     630.1064861371333      475.5466682057234      
28696.09699318208      -1557.002580982875     628.0862931676957      476.523345765232       
28696.09700475616      -1557.046960514513     626.0655214542999      477.4995837310939      
28696.09701633023      -1557.089913943193     624.0441724369507      478.4753808875251      
28696.09702790431      -1557.131440201499     622.0222475568958      479.450736018332       
28696.09703947838      -1557.171538226256     619.9997482564062      480.4256479070854      
28696.09705105245      -1557.210206955809     617.9766759859681      481.4001153370294      
28696.09706262653      -1557.247445332291     615.9530321985806      482.3741370911803      
28696.0970742006       -1557.28325230051      613.9288183526313      483.3477119522512      
28696.09708577468      -1557.317626810028     611.9040359060931      484.320838702771       
28696.09709734875      -1557.350567812134     609.8786863252062      485.2935161249241      
28696.09710892282      -1557.382074261951     607.8527710786913      486.2657430007229      
28696.0971204969       -1557.412145117085     605.8262916405645      487.2375181119703      
28696.09713207097      -1557.440779340395     603.7992494845582      488.2088402401291      
28696.09714364505      -1557.467975896136     601.7716460925177      489.179708166613       
28696.09715521912      -1557.493733752509     599.7434829488092      490.1501206725125      
28696.0971667932       -1557.51805188055      597.714761543078       491.1200765387525      
28696.09717836727      -1557.540929256122     595.6854833646375      492.0895745461196      
28696.09718994134      -1557.562364857045     593.6556499109818      493.0586134751436      
28696.09720151541      -1557.582357664745     591.6252626820217      494.027192106287       
28696.09721308949      -1557.600906663716     589.5943231829899      494.9953092197567      
28696.09722466356      -1557.61801084334      587.5628329187012      495.962963595661       
28696.09723623764      -1557.633669194834     585.5307934022017      496.9301540139379      
28696.09724781171      -1557.647880713417     583.4982061489054      497.8968792544396      
28696.09725938579      -1557.660644396589     581.4650726809666      498.8631380968384      
28696.09727095986      -1557.671959248546     579.4313945158566      499.8289293207096      
28696.09728253393      -1557.681824273665     577.3971731834093      500.7942517055954      
28696.09729410801      -1557.690238480945     575.3624102145359      501.7591040308407      
28696.09730568208      -1557.697200882401     573.3271071453667      502.7234850757253      
28696.09731725616      -1557.702710494415     571.2912655130245      503.6873936194993      
28696.09732883023      -1557.706766336995     569.2548868584983      504.6508284413156      
28696.0973404043       -1557.709367432684     567.2179727294647      505.6137883202356      
28696.09735197838      -1557.710512807457     565.1805246773649      506.5762720352873      
28696.09736355245      -1557.710201491914     563.1425442546395      507.5382783655496      
28696.09737512653      -1557.70843252021      561.1040330176174      508.4998060899088      
28696.0973867006       -1557.705204928583     559.0649925305943      509.4608539873577      
28696.09739827468      -1557.700517758413     557.0254243575237      510.4214208367842      
28696.09740984875      -1557.694370054584     554.9853300660841      511.3815054171538      
28696.09742142282      -1557.68676086463      552.944711230527       512.3411065073713      
28696.0974329969       -1557.677689239254     550.90356943048        513.3002228864125      
28696.09744457097      -1557.66715423586      548.8619062407586      514.2588533331783      
28696.09745614505      -1557.655154912335     546.8197232483926      515.2169966267508      
28696.09746771912      -1557.641690330886     544.7770220428354      516.1746515461195      
28696.0974792932       -1557.626759558398     542.7338042145745      517.1318168704124      
28696.09749086727      -1557.610361664886     540.690071359096       518.0884913787295      
28696.0974930164       -1557.607155244087     540.3105242569713      518.2660773569235      
