28696.09680213251      -1556.60750800645      642.6265477522593      469.262640629559       
28696.09681370658      -1556.661983210128     640.6099687752304      470.242151273142       
28696.09682528066      -1556.71503990861      638.5928021413672      471.2212299913028      
28696.09683685473      -1556.766677013654     636.5750492576162      472.1998755698339      
28696.0968484288       -1556.816893436024     634.556711544845       473.1780867942695      
28696.09686000288      -1556.865688091935     632.5377904222564      474.1558624496786      
28696.09687157695      -1556.913059900084     630.5182873143315      475.1332013209476      
28696.09688315103      -1556.959007782358     628.4982036496231      476.1101021924196      
28696.0968947251       -1557.003530663679     626.4775408605331      477.0865638483349      
28696.09690629917      -1557.046627472171     624.4563003835126      478.0625850725235      
28696.09691787325      -1557.088297139068     622.4344836589037      479.0381646484793      
28696.09692944732      -1557.128538598815     620.4120921310018      480.0133013594665      
28696.09694102139      -1557.167350789039     618.3891272480457      480.9879939884723      
28696.09695259547      -1557.204732650475     616.3655904621953      481.9622413181722      
28696.09696416954      -1557.24068312723      614.3414832296053      482.9360421309456      
28696.09697574362      -1557.275201166544     612.3168070103011      483.9093952089906      
28696.09698731769      -1557.308285718833     610.2915632682452      484.8822993342013      
28696.09699889176      -1557.339935737864     608.2657534713464      485.854753288225       
28696.09701046584      -1557.370150180118     606.239379092822       486.8267558525123      
28696.09702203991      -1557.398928007487     604.2124416041761      487.798305808283       
28696.09703361399      -1557.426268181937     602.184942489313       488.7694019365165      
28696.09704518806      -1557.45216967081      600.1568832302655      489.740043017988       
28696.09705676214      -1557.476631443866     598.1282653160258      490.7102278333145      
28696.09706833621      -1557.499652475637     596.0990902350368      491.6799551628797      
28696.09707991028      -1557.521231742513     594.0693594840041      492.6492237868836      
28696.09709148436      -1557.541368224701     592.0390745620422      493.6180324854058      
28696.09710305843      -1557.560060905289     590.0082369735746      494.5863800383374      
28696.09711463251      -1557.577308772366     587.9768482227105      495.554265225374       
28696.09712620658      -1557.593110815768     585.9449098216335      496.5216868261261      
28696.09713778065      -1557.607466029381     583.9124232849881      497.4886436200172      
28696.09714935473      -1557.620373409829     581.8793901327405      498.4551343864571      
28696.0971609288       -1557.631831958947     579.8458118844467      499.421157904542       
28696.09717250288      -1557.641840680281     577.8116900677392      500.3867129534618      
28696.09718407695      -1557.650398581494     575.7770262127624      501.351798312146       
28696.09719565103      -1557.65750467316      573.7418218548809      502.3164127595447      
28696.0972072251       -1557.663157970868     571.7060785290098      503.2805550744931      
28696.09721879917      -1557.667357492269     569.6697977782508      504.2442240356776      
28696.09723037325      -1557.670102258422     567.6329811495193      505.207418421892       
28696.09724194732      -1557.671391295054     565.5956301906511      506.1701370116867      
28696.0972535214       -1557.671223631318     563.5577464533523      507.1323785837062      
28696.09726509547      -1557.66959829908      561.5193314960646      508.094141916464       
28696.09727666954      -1557.666514333536     559.4803868808906      509.0554257885389      
28696.09728824362      -1557.66197077531      557.4409141696126      510.0162289784071      
28696.09729981769      -1557.655966666345     555.400914933399       510.9765502646006      
28696.09731139176      -1557.64850105438      553.3603907416702      511.9363884255846      
28696.09732296584      -1557.639572988579     551.319343173152       512.8957422399469      
28696.09733453991      -1557.629181523996     549.2777738048194      513.8546104861209      
28696.09734611399      -1557.617325717204     547.2356842230122      514.8129919427478      
28696.09735768806      -1557.604004630425     545.1930760122066      515.7708853884595      
28696.09736926214      -1557.589217327648     543.1499507663577      516.7282896018207      
28696.09738083621      -1557.572962878495     541.106310077492       517.6852033615926      
28696.09738221977      -1557.570921603483     540.8619788551126      517.7995599560461      
