28696.09598894459      -1556.753238459916     642.2132429256064      469.3450176700172      
28696.09600051867      -1556.807447707869     640.1965939151985      470.3243925074567      
28696.09601209274      -1556.860238319952     638.1793576229084      471.3033353443603      
28696.09602366682      -1556.911609206344     636.1615354619502      472.2818449667818      
28696.09603524089      -1556.961559280192     634.1431288494769      473.2599201605126      
28696.09604681496      -1557.010087458539     632.1241392052448      474.2375597108351      
28696.09605838904      -1557.05719265894      630.1045679585793      475.2147624028629      
28696.09606996311      -1557.102873805726     628.0844165342651      476.1915270212774      
28696.09608153719      -1557.147129824558     626.0636863653303      477.1678523504501      
28696.09609311126      -1557.189959643087     624.0423788915713      478.1437371744942      
28696.09610468534      -1557.231362193348     622.02049555389        479.1191802771942      
28696.09611625941      -1557.271336411583     619.9980377943236      480.0941804420194      
28696.09612783348      -1557.309881236078     617.9750070616149      481.0687364522133      
28696.09613940756      -1557.346995607327     615.951404811372       482.0428470906944      
28696.09615098163      -1557.38267847         613.9272325002182      483.0165111401458      
28696.09616255571      -1557.416928773202     611.9024915858995      483.9897273829483      
28696.09617412978      -1557.44974546758      609.8771835343816      484.9624946013118      
28696.09618570385      -1557.481127508182     607.8513098126629      485.9348115771178      
28696.09619727793      -1557.511073851041     605.8248718973241      486.9066770920994      
28696.096208852        -1557.539583458811     603.7978712604269      487.878089927686       
28696.09622042608      -1557.566655295278     601.7703093835078      488.8490488651687      
28696.09623200015      -1557.592288328061     599.7421877507238      489.8195526855621      
28696.09624357423      -1557.616481527545     597.7135078513957      490.7896001697377      
28696.0962551483       -1557.639233869019     595.6842711745903      491.7591900983664      
28696.09626672237      -1557.66054432964      593.654479217505       492.7283212519363      
28696.09627829645      -1557.680411890385     591.6241334798151      493.6969924107636      
28696.09628987052      -1557.698835535053     589.5932354664992      494.6652023549976      
28696.0963014446       -1557.715814252429     587.5617866820735      495.6329498646703      
28696.09631301867      -1557.731347033205     585.5297886393702      496.6002337196066      
28696.09632459274      -1557.745432871877     583.4972428534508      497.5670526995617      
28696.09633616682      -1557.758070765957     581.4641508448426      498.5334055841089      
28696.09634774089      -1557.769259717957     579.4305141335994      499.4992911527583      
28696.09635931496      -1557.778998732226     577.3963342479256      500.4647081848585      
28696.09637088904      -1557.787286817146     575.3616127183824      501.4296554597286      
28696.09638246311      -1557.794122984014     573.3263510808531      502.3941317565512      
28696.09639403719      -1557.79950624925      571.290550870844       503.3581358544009      
28696.09640561126      -1557.803435631204     569.2542136319266      504.3216665323785      
28696.09641718533      -1557.805910152271     567.2173409100011      505.2847225693978      
28696.09642875941      -1557.806928837841     565.1799342563461      506.2473027444497      
28696.09644033348      -1557.806490718476     563.141995221804       507.2094058363427      
28696.09645190756      -1557.804594826117     561.1035253665184      508.1710306239844      
28696.09646348163      -1557.801240197961     559.0645262504735      509.1321758861876      
28696.09647505571      -1557.796425874735     557.0249994372393      510.0928404017073      
28696.09648662978      -1557.790150899737     554.9849464970938      511.0530229494065      
28696.09649820385      -1557.782414320366     552.9443690027306      512.0127223080708      
28696.09650977793      -1557.773215186711     550.9032685334445      512.9719372565189      
28696.096521352        -1557.762552555545     548.8616466638091      513.930666573572       
28696.09653292608      -1557.750425484217     546.8195049806725      514.8889090380553      
28696.09654450015      -1557.736833034715     544.776845071809       515.8466634289783      
28696.09655607423      -1557.721774271851     542.733668531635       516.8039285252345      
28696.0965676483       -1557.705248266995     540.6899769498337      517.7607031058454      
28696.09656939546      -1557.702626064768     540.381426845239       517.9050903249474      
