28696.09703654515      -1557.428014056127     642.1103276027684      467.2424940471458      
28696.09704811922      -1557.483450696933     640.0954025700848      468.2252042432917      
28696.0970596933       -1557.537467848548     638.0798900220778      469.2074844521763      
28696.09707126737      -1557.590064420627     636.0637913711232      470.189333456796       
28696.09708284145      -1557.641239324147     634.0471080378184      471.1707500399681      
28696.09709441552      -1557.69099147372      632.0298414452993      472.1517329841438      
28696.0971059896       -1557.739319786599     630.0119930221767      473.1322810713921      
28696.09711756367      -1557.786223184914     627.9935641967677      474.1123930834713      
28696.09712913774      -1557.831700592262     625.9745564057539      475.0920678017857      
28696.09714071182      -1557.875750935842     623.9549710881694      476.0713040075269      
28696.09715228589      -1557.918373145679     621.9348096886781      477.0501004814632      
28696.09716385997      -1557.959566156635     619.9140736515324      478.0284560041547      
28696.09717543404      -1557.99932890502      617.8927644292589      479.0063693559083      
28696.09718700811      -1558.037660331097     615.8708834769687      479.9838393166309      
28696.09719858219      -1558.074559377631     613.8484322550863      480.9608646660865      
28696.09721015626      -1558.110024992535     611.8254122238429      481.9374441837185      
28696.09722173034      -1558.144056125172     609.8018248516631      482.9135766487306      
28696.09723330441      -1558.176651728865     607.7776716094636      483.8892608401195      
28696.09724487849      -1558.207810759073     605.7529539749755      484.8644955366077      
28696.09725645256      -1558.237532177922     603.7276734214097      485.8392795167201      
28696.09726802663      -1558.265814947494     601.7018314343804      486.8136115588144      
28696.0972796007       -1558.29265803449      599.6754295006861      487.7874904409573      
28696.09729117478      -1558.318060408284     597.6484691124037      488.7609149410425      
28696.09730274885      -1558.342021043319     595.6209517612958      489.7338838368631      
28696.09731432293      -1558.36453891525      593.5928789488019      490.7063959059582      
28696.097325897        -1558.385613005308     591.5642521745079      491.6784499257151      
28696.09733747108      -1558.405242295992     589.5350729477071      492.6500446733847      
28696.09734904515      -1558.423425775373     587.5053427758066      493.6211789260378      
28696.09736061922      -1558.440162432873     585.475063175935       494.5918514606151      
28696.0973721933       -1558.455451263486     583.4442356633848      495.562061053971       
28696.09738376737      -1558.469291263475     581.4128617629638      496.531806482822       
28696.09739534145      -1558.481681434362     579.3809429992427      497.5010865237315      
28696.09740691552      -1558.492620781099     577.3484809006331      498.4698999531929      
28696.09741848959      -1558.502108311001     575.3154770022395      499.438245547614       
28696.09743006367      -1558.51014303451      573.2819328444866      500.4061220833547      
28696.09744163774      -1558.516723968778     571.2478499631857      501.373528336604       
28696.09745321182      -1558.521850130739     569.2132299079115      502.3404630836116      
28696.09746478589      -1558.525520543682     567.1780742250928      503.3069251004289      
28696.09747635997      -1558.527734232201     565.1423844705582      504.2729131632016      
28696.09748793404      -1558.528490226283     563.106162199882       505.238426047957       
28696.09749950811      -1558.527787559343     561.0694089723427      506.2034625307704      
28696.09751108219      -1558.525625266398     559.0321263568605      507.1680213876182      
28696.09752265626      -1558.522002389856     556.994315916216       508.132101394486       
28696.09753423034      -1558.516917972005     554.9559792269228      509.0957013274088      
28696.09754580441      -1558.510371061514     552.9171178622719      510.0588199624218      
28696.09755737849      -1558.50236070803      550.8777334064578      511.0214560755842      
28696.09756895256      -1558.492885968652     548.8378274375673      511.9836084429187      
28696.09758052663      -1558.481945900493     546.7974015473787      512.9452758406062      
28696.0975921007       -1558.46953956695      544.7564573244069      513.9064570448106      
28696.09760367478      -1558.455666032784     542.714996368127       514.8671508317259      
28696.09761524885      -1558.440324369283     540.6730202731471      515.8273559777238      
28696.09761950647      -1558.434311267175     539.9217337447066      516.1804519427503      
