28696.09691329076      -1556.674393946924     642.1293215351679      469.7212005969664      
28696.09692486483      -1556.728669042918     640.1125810512613      470.700460652915       
28696.09693643891      -1556.781525051158     638.0952532857509      471.6792880328503      
28696.09694801298      -1556.832960885174     636.077339654052       472.6576815211619      
28696.09695958705      -1556.882975459283     634.0588415811437      473.635639901932       
28696.09697116113      -1556.93156769214      632.0397604932143      474.6131619590658      
28696.0969827352       -1556.978736503336     630.0200978260614      475.5902464762968      
28696.09699430928      -1557.024480819204     627.999855010991       476.5668922370544      
28696.09700588335      -1557.068799566906     625.9790334888875      477.5430980246441      
28696.09701745742      -1557.111691677495     623.9576347032445      478.51886262215        
28696.0970290315       -1557.15315608471      621.9356601027858      479.4941848124832      
28696.09704060557      -1557.193191727272     619.9131111360991      480.4690633783823      
28696.09705217964      -1557.231797545995     617.8899892583725      481.4434971024666      
28696.09706375372      -1557.268972483923     615.8662959317143      482.4174847671354      
28696.09707532779      -1557.304715488537     613.8420326192177      483.391025154723       
28696.09708690187      -1557.339025511771     611.8172007851521      484.3641170473675      
28696.09709847594      -1557.371901507237     609.7918019019221      485.3367592270422      
28696.09711005001      -1557.403342432354     607.7658374443674      486.3089504757288      
28696.09712162409      -1557.433347247486     605.7393088927547      487.2806895752249      
28696.09713319816      -1557.461914917893     603.7122177268723      488.2519753072291      
28696.09714477224      -1557.489044410755     601.6845654348286      489.2228064533404      
28696.09715634631      -1557.514734696966     599.6563535070388      490.1931817951352      
28696.09716792039      -1557.53898475051      597.6275834393691      491.1631001140124      
28696.09717949446      -1557.561793550226     595.5982567271262      492.1325601914147      
28696.09719106853      -1557.58316007697      593.5683748739216      493.1015608086756      
28696.09720264261      -1557.603083314928     591.5379393871558      494.0701007470495      
28696.09721421668      -1557.621562252787     589.5069517752305      495.0381787878366      
28696.09722579076      -1557.638595882816     587.4754135504766      496.0057937122176      
28696.09723736483      -1557.654183199594     585.443326231831       496.9729443014062      
28696.0972489389       -1557.668323201859     583.4106913407384      497.9396293365661      
28696.09726051298      -1557.681014891159     581.3775104037991      498.905847598901       
28696.09727208705      -1557.692257274309     579.3437849472875      499.8715978695273      
28696.09728366113      -1557.702049359489     577.3095165069501      500.8368789296773      
28696.0972952352       -1557.710390160505     575.2747066166153      501.8016895605392      
28696.09730680928      -1557.717278692643     573.2393568197172      502.7660285433437      
28696.09731838335      -1557.722713976866     571.203468657711       503.7298946593313      
28696.09732995742      -1557.726695036131     569.1670436801943      504.693286689823       
28696.09734153149      -1557.729220896973     567.1300834404851      505.6562034161792      
28696.09735310557      -1557.730290590707     565.0925894929727      506.6186436197697      
28696.09736467964      -1557.729903152081     563.0545633957131      507.5806060821106      
28696.09737625372      -1557.728057617979     561.0160067148065      508.5420895847529      
28696.09738782779      -1557.724753030529     558.9769210159805      509.5030929092941      
28696.09739940187      -1557.719988435508     556.9373078686349      510.4636148374628      
28696.09741097594      -1557.713762880763     554.8971688501582      511.4236541510828      
28696.09742255001      -1557.706075419921     552.8565055361162      512.383209632078       
28696.09743412409      -1557.696925108222     550.8153195114335      513.3422800624809      
28696.09744569816      -1557.686311006108     548.7736123605159      514.3008642244567      
28696.09745727224      -1557.674232177864     546.731385671575       515.2589609002539      
28696.09746884631      -1557.660687690292     544.6886410392751      516.2165688723642      
28696.09748042039      -1557.64567661364      542.6453800635172      517.173686923247       
28696.09749199446      -1557.629198024772     540.6016043394109      518.130313835676       
28696.09749420161      -1557.625888904763     540.2118020896384      518.3126848138629      
