28696.0969382767       -1556.835988133077     641.056613858338       470.6499371781083      
28696.09694985077      -1556.889432218933     639.0399588811042      471.6294280085197      
28696.09696142485      -1556.941457096462     637.0227172331033      472.6084853811506      
28696.09697299892      -1556.992061676242     635.0048903322022      473.587108078807       
28696.096984573        -1557.041244872018     632.9864796001273      474.565294883885       
28696.09699614707      -1557.089005600739     630.9674864628323      475.5430445784508      
28696.09700772115      -1557.135342781845     628.9479123514798      476.5203559443092      
28696.09701929522      -1557.180255339706     626.92775869714        477.4972277628538      
28696.09703086929      -1557.223742200594     624.9070269375788      478.4736588152984      
28696.09704244337      -1557.265802292912     622.8857185174495      479.4496478824234      
28696.09705401744      -1557.306434549513     620.8638348826323      480.4251937448153      
28696.09706559152      -1557.345637907393     618.8413774799978      481.400295182741       
28696.09707716559      -1557.383411305208     616.8183477647954      482.3749509761749      
28696.09708873966      -1557.419753685428     614.7947471947712      483.3491599048913      
28696.09710031374      -1557.454663993107     612.7705772330014      484.3229207484084      
28696.09711188781      -1557.488141178343     610.7458393424051      485.2962322859195      
28696.09712346188      -1557.520184192853     608.7205349940347      486.269093296477       
28696.09713503596      -1557.550791992174     606.6946656615485      487.2415025588036      
28696.09714661003      -1557.579963534571     604.6682328238561      488.2134588515299      
28696.09715818411      -1557.607697783374     602.6412379597402      489.1849609529379      
28696.09716975818      -1557.633993703544     600.6136825560069      490.1560076412969      
28696.09718133225      -1557.658850263985     598.5855681021557      491.1265976944771      
28696.09719290633      -1557.682266436399     596.5568960929112      492.0967298903372      
28696.0972044804       -1557.704241197523     594.5276680227967      493.0664030064255      
28696.09721605448      -1557.724773525801     592.4978853943601      494.0356158202419      
28696.09722762855      -1557.743862403208     590.4675497142483      495.0043671091153      
28696.09723920263      -1557.761506816145     588.436662490119       495.9726556501419      
28696.0972507767       -1557.777705754458     586.4052252334719      496.9404802203708      
28696.09726235077      -1557.792458210396     584.3732394627134      497.9078395967059      
28696.09727392485      -1557.805763180188     582.340706698635       498.8747325559396      
28696.09728549892      -1557.817619663053     580.307628467335       499.8411578747198      
28696.097297073        -1557.828026662777     578.2740062960622      500.8071143296368      
28696.09730864707      -1557.836983186531     576.2398417158419      501.7726006971959      
28696.09732022114      -1557.844488244118     574.2051362645296      502.7376157537658      
28696.09733179522      -1557.850540848834     572.1698914838209      503.7021582757371      
28696.09734336929      -1557.855140019027     570.1341089149911      504.6662270393639      
28696.09735494337      -1557.858284774603     568.0977901089248      505.629820820907       
28696.09736651744      -1557.859974141104     566.0609366146873      506.5929383965091      
28696.09737809152      -1557.86020714559      564.023549990849       507.5555785423799      
28696.09738966559      -1557.8589828203       561.9856317956189      508.5177400346385      
28696.09740123966      -1557.856300201036     559.9471835910012      509.4794216493945      
28696.09741281374      -1557.852158325814     557.9082069471892      510.4406221628058      
28696.09742438781      -1557.846556237702     555.8687034338407      511.4013403509597      
28696.09743596188      -1557.839492983486     553.8286746245121      512.3615749900594      
28696.09744753596      -1557.830967612159     551.7881221008976      513.3213248562502      
28696.09745911003      -1557.820979177823     549.7470474441411      514.2805887257311      
28696.09747068411      -1557.809526738361     547.7054522392878      515.2393653747894      
28696.09748225818      -1557.796609353842     545.6633380793933      516.1976535797201      
28696.09749383225      -1557.782226090127     543.6207065557207      517.1554521168954      
28696.09750540633      -1557.766376014207     541.57755927033        518.1127597627815      
28696.0975169804       -1557.749058200412     539.5338978191835      519.0695752938709      
28696.09752096892      -1557.742750128017     538.8295169028318      519.3991873450832      
