185
186
103
104
104
105
105
106
106
107
107
108
108
109
109
110
24
25
25
26
26
27
27
28
28
29
197
198
198
199
199
200
200
201
201
202
202
203
203
204
115
116
116
117
117
118
118
119
119
120
120
121
121
122
122
123
35
36
36
37
37
38
38
39
39
40
179
41
210
211
211
212
212
213
213
214
214
215
215
216
216
217
129
130
130
131
131
132
132
133
133
134
134
135
135
136
48
49
49
50
50
51
51
52
52
53
53
54
54
55
222
223
223
224
224
225
225
226
226
227
227
228
228
229
229
230
142
143
143
144
144
145
145
146
146
147
147
148
148
149
61
62
62
63
63
64
64
65
65
66
66
67
67
68
74
75
75
76
76
77
77
78
78
79
79
80
80
81
