31690
49885
50845
51805
52765
53725
54685
55645
70989
71949
72909
73869
74829
88253
89213
90173
91133
92093
93053
94013
106478
107438
108398
109358
110318
111278
112238
113198
126624
127584
128544
129504
130464
131424
145809
146769
147729
148689
149649
150609
151569
164995
165955
166915
167875
168835
169795
170755
184174
185134
186094
187054
188014
188974
189934
202402
203362
204322
205282
206242
207202
208162
209122
222551
223511
224471
225431
226391
227351
228311
241741
242701
243661
244621
245581
246541
247501
299309
300269
301229
302189
303149
304109
305069
