0.0 411.69036597352755
1.0 411.4634257881228
2.0 411.23648709522
3.0 411.0095498847637
4.0 410.78261419575915
5.0 410.55568000208336
6.0 410.3287473153533
7.0 410.10181610944653
8.0 409.87488642337837
9.0 409.64795824708244
10.0 409.4210315679511
11.0 409.19410638439336
12.0 408.9671827269403
13.0 408.7402605722845
14.0 408.51333991035494
15.0 408.28642078016895
16.0 408.0595031555827
17.0 407.832587048251
18.0 407.60567243201655
19.0 407.37875934590744
20.0 407.15184777985166
21.0 406.9249377077198
22.0 406.69802916851177
23.0 406.47112215217595
24.0 406.2442166542708
25.0 406.01731264866237
26.0 405.79041019044666
27.0 405.5635092534575
28.0 405.33660983330014
29.0 405.109711919899
30.0 404.88281554689684
31.0 404.65592070424793
32.0 404.4290273793222
33.0 404.2021355705437
34.0 403.97524530845385
35.0 403.7483565750798
36.0 403.5214693442899
37.0 403.29458367117445
38.0 403.06769952958604
39.0 402.84081691510414
40.0 402.61393581765356
41.0 402.3870562762644
42.0 402.1601782647837
43.0 401.93330179484707
44.0 401.7064268403455
45.0 401.47955344028117
46.0 401.25268158457243
47.0 401.0258112688087
48.0 400.7989424668547
49.0 400.5720752337798
50.0 400.3452095434574
51.0 400.118345391459
52.0 399.89148276771033
53.0 399.6646217112374
54.0 399.437762195897
55.0 399.2109042333286
56.0 398.9840477973957
57.0 398.7571929271262
58.0 398.53033961243057
59.0 398.3034878488948
60.0 398.07663761039674
61.0 397.8497889519745
62.0 397.622941847535
63.0 397.39609629263464
64.0 397.16925227721345
65.0 396.9424098402689
66.0 396.7155689556858
67.0 396.4887296350925
68.0 396.26189185234693
69.0 396.0350556464826
70.0 395.80822100740005
71.0 395.5813879307073
72.0 395.35455639560513
73.0 395.12772644110896
74.0 394.9008980571568
75.0 394.67407123931235
76.0 394.4472459831732
77.0 394.22042227865376
78.0 393.99360016476413
79.0 393.76677961538365
80.0 393.5399606421436
81.0 393.3131432189043
82.0 393.08632738469726
83.0 392.85951312942746
84.0 392.63270044868483
85.0 392.4058893163446
86.0 392.1790797874561
87.0 391.9522718359115
88.0 391.7254654626255
89.0 391.4986606631912
90.0 391.271857427521
91.0 391.0450557946491
92.0 390.8182557384124
93.0 390.5914572704683
94.0 390.3646603646939
95.0 390.1378650600817
96.0 389.9110713465612
97.0 389.68427921972335
98.0 389.45748868048673
99.0 389.2306997027432
100.0 389.0039123415346
101.0 388.7771265707383
102.0 388.5503423859519
103.0 388.3235597987783
104.0 388.0967787831198
105.0 387.86999937797907
106.0 387.64322157326234
107.0 387.4164453645804
108.0 387.189670731126
109.0 386.96289771193494
110.0 386.7361262969223
111.0 386.50935648165233
112.0 386.28258826173214
113.0 386.0558216270795
114.0 385.82905661668786
115.0 385.6022932097953
116.0 385.37553140199503
117.0 385.14877120488677
118.0 384.92201259237896
119.0 384.6952556034586
120.0 384.46850022806365
121.0 384.241746461756
122.0 384.01499430549484
123.0 383.78824370610965
124.0 383.5614947727111
125.0 383.3347474521585
126.0 383.10800174536143
127.0 382.8812576479419
128.0 382.6545151497952
129.0 382.4277742899389
130.0 382.20103504222374
131.0 381.9742974183182
132.0 381.74756141377844
133.0 381.52082700783535
134.0 381.2940942395207
135.0 381.06736309871224
136.0 380.84063358102514
137.0 380.6139056873919
138.0 380.38717941338655
139.0 380.16045474892934
140.0 379.9337317330398
141.0 379.70701033957806
142.0 379.48029058019307
143.0 379.2535724504557
144.0 379.026855929588
145.0 378.8001410566151
146.0 378.57342782143746
147.0 378.34671621964276
148.0 378.1200062521771
149.0 377.89329791462814
150.0 377.6665911968849
151.0 377.43988613799604
152.0 377.21318271715216
153.0 376.98648092996575
154.0 376.7597807880484
155.0 376.5330822652756
156.0 376.3063854060128
157.0 376.07969018412587
158.0 375.85299661125293
159.0 375.6263046829703
160.0 375.3996144002242
161.0 375.1729257368856
162.0 374.94623874800135
163.0 374.7195534074457
164.0 374.49286971614714
165.0 374.2661876697185
166.0 374.03950727975126
167.0 373.812828520159
168.0 373.58615143526566
169.0 373.35947599897173
170.0 373.1328022228731
171.0 372.9061301025951
172.0 372.67945963904316
173.0 372.45279080611937
174.0 372.2261236588494
175.0 371.99945817110535
176.0 371.7727943438384
177.0 371.54613217263216
178.0 371.3194716691148
179.0 371.09281280715123
180.0 370.8661556311095
181.0 370.6395001148701
182.0 370.4128462700429
183.0 370.18619409221947
184.0 369.95954358234593
185.0 369.73289473599544
186.0 369.5062475430944
187.0 369.2796020426396
188.0 369.0529582138619
189.0 368.82631605769245
190.0 368.59967556973226
191.0 368.3730367615781
192.0 368.14639960713725
193.0 367.9197641507451
194.0 367.6931303662875
195.0 367.4664982653808
196.0 367.2398678436292
197.0 367.0132391019499
198.0 366.7866120359422
199.0 366.55998663551674
200.0 366.33336293967847
201.0 366.1067409276354
202.0 365.88012060036505
203.0 365.65350195341597
204.0 365.42688499843683
205.0 365.2002697309808
206.0 364.97365613032366
207.0 364.7470442354328
208.0 364.5204340362359
209.0 364.2938255283259
210.0 364.06721871260777
211.0 363.8406135900594
212.0 363.6140101562397
213.0 363.3874084227879
214.0 363.1608083635638
215.0 362.93421002294036
216.0 362.7076133801325
217.0 362.4810184307247
218.0 362.2544251863409
219.0 362.0278336425698
220.0 361.80124380035284
221.0 361.5746556524275
222.0 361.348069197251
223.0 361.12148446528636
224.0 360.89490143859143
225.0 360.66832011811454
226.0 360.4417404994464
227.0 360.2151625942075
228.0 359.98858639798306
229.0 359.7620119116979
230.0 359.5354391145983
231.0 359.30886804568814
232.0 359.0822986948516
233.0 358.8557310577049
234.0 358.6291651351628
235.0 358.40260092817357
236.0 358.17603843233013
237.0 357.9494776592487
238.0 357.72291858279226
239.0 357.4963612473424
240.0 357.2698056320857
241.0 357.04325173798964
242.0 356.8166995606325
243.0 356.59014911162956
244.0 356.36360038657773
245.0 356.1370533863977
246.0 355.91050811204263
247.0 355.68396453738893
248.0 355.45742271745365
249.0 355.2308826261288
250.0 355.00434426435027
251.0 354.77780763305384
252.0 354.5512727278335
253.0 354.32473956029287
254.0 354.0982081260379
255.0 353.8716784259791
256.0 353.6451504610811
257.0 353.4186242105515
258.0 353.1920997133992
259.0 352.9655769595209
260.0 352.73905594452776
261.0 352.51253666933883
262.0 352.2860191348897
263.0 352.05950333679453
264.0 351.83298928662595
265.0 351.606476980018
266.0 351.3799664178669
267.0 351.1534575794287
268.0 350.926950509039
269.0 350.70044518057693
270.0 350.4739416056683
271.0 350.2474397798885
272.0 350.0209397041842
273.0 349.79444137947974
274.0 349.567944806719
275.0 349.34144998149833
276.0 349.11495691541177
277.0 348.88846560405585
278.0 348.6619760266795
279.0 348.4354882275945
280.0 348.20900218605215
281.0 347.98251789764936
282.0 347.756035373975
283.0 347.52955461063334
284.0 347.30307560855255
285.0 347.07659836868027
286.0 346.85012289193463
287.0 346.623649173927
288.0 346.3971772262297
289.0 346.1707070444841
290.0 345.94423862140604
291.0 345.71777196079927
292.0 345.4913070824364
293.0 345.2648439684042
294.0 345.0383826302955
295.0 344.81192306369957
296.0 344.58546526958656
297.0 344.35900924884186
298.0 344.1325550024426
299.0 343.9061025312802
300.0 343.6796518309934
301.0 343.45320291315505
302.0 343.2267557733613
303.0 343.000310412568
304.0 342.77386682351175
305.0 342.54742500996576
306.0 342.3209849917292
307.0 342.0945467508844
308.0 341.8681102990059
309.0 341.64167563171605
310.0 341.4152427499471
311.0 341.1888116546218
312.0 340.9623823466754
313.0 340.735954827049
314.0 340.50952909132997
315.0 340.28310515113475
316.0 340.0566830020316
317.0 339.8302626449818
318.0 339.6038440808942
319.0 339.3774273107339
320.0 339.15101233540247
321.0 338.9245991288223
322.0 338.69818774597974
323.0 338.47177816076925
324.0 338.2453703741193
325.0 338.01896438698225
326.0 337.79256020027697
327.0 337.56615781494514
328.0 337.339757231905
329.0 337.1133584467753
330.0 336.88696147113535
331.0 336.66056630059023
332.0 336.43417293607484
333.0 336.2077813785185
334.0 335.98139162886037
335.0 335.7550036880343
336.0 335.5286175569589
337.0 335.30223323124665
338.0 335.0758507224919
339.0 334.8494700262862
340.0 334.62309114357004
341.0 334.3967140752597
342.0 334.1703388223226
343.0 333.9439653639693
344.0 333.71759374452637
345.0 333.49122393790185
346.0 333.26485595568516
347.0 333.0384897934786
348.0 332.81212545223144
349.0 332.58576293285165
350.0 332.3594022362775
351.0 332.1330433634629
352.0 331.9066863153055
353.0 331.68033109275194
354.0 331.4539776914247
355.0 331.2276261228749
356.0 331.001276382746
357.0 330.7749284719437
358.0 330.54858239141413
359.0 330.3222381420665
360.0 330.0958957248644
361.0 329.86955514071894
362.0 329.643216390574
363.0 329.4168794700287
364.0 329.19054439067247
365.0 328.9642111480964
366.0 328.7378797432463
367.0 328.51155017705344
368.0 328.28522245043996
369.0 328.05889656435795
370.0 327.83257251972447
371.0 327.60625031746963
372.0 327.3799299585319
373.0 327.15361143851015
374.0 326.92729476899757
375.0 326.7009799455888
376.0 326.4746669692289
377.0 326.2483558408504
378.0 326.02204656136087
379.0 325.7957391317186
380.0 325.56943355284363
381.0 325.3431298256781
382.0 325.1168279511423
383.0 324.89052793016526
384.0 324.6642297583702
385.0 324.43793344732774
386.0 324.211638992649
387.0 323.9853463952526
388.0 323.7590556560931
389.0 323.53276677607187
390.0 323.3064797561557
391.0 323.08019459724966
392.0 322.85391130030706
393.0 322.6276298662284
394.0 322.4013502959857
395.0 322.1750725904726
396.0 321.9487967453252
397.0 321.7225227721097
398.0 321.49625066644126
399.0 321.26998042923105
400.0 321.04371206144634
401.0 320.81744556397376
402.0 320.59118093779
403.0 320.36491818380387
404.0 320.1386573029447
405.0 319.91239829614705
406.0 319.68614116434037
407.0 319.45988590848367
408.0 319.2336325294555
409.0 319.0073810229179
410.0 318.7811314004233
411.0 318.55488365757435
412.0 318.32863779530675
413.0 318.102393814553
414.0 317.87615171624986
415.0 317.64991150132624
416.0 317.42367317070966
417.0 317.19743672534463
418.0 316.9712021661442
419.0 316.74496949405597
420.0 316.5187387100055
421.0 316.29250981491276
422.0 316.0662828097265
423.0 315.8400576953641
424.0 315.61383446746646
425.0 315.38761313756567
426.0 315.16139370128684
427.0 314.9351761595693
428.0 314.70896051333807
429.0 314.4827467635196
430.0 314.25653491107084
431.0 314.0303249568895
432.0 313.80411690192216
433.0 313.5779107471044
434.0 313.351706493368
435.0 313.1255041416234
436.0 312.89930369283206
437.0 312.67310514789375
438.0 312.4469085077763
439.0 312.2207137733855
440.0 311.9945209456529
441.0 311.76833002552064
442.0 311.5421410139136
443.0 311.3159539117589
444.0 311.08976871468997
445.0 310.86358543424734
446.0 310.6374040660508
447.0 310.4112246327295
448.0 310.18504709182724
449.0 309.9588714659866
450.0 309.7326977561087
451.0 309.5065259631377
452.0 309.28035608801355
453.0 309.0541881316568
454.0 308.828022095005
455.0 308.6018579789783
456.0 308.3756957845056
457.0 308.14953551254445
458.0 307.9233771639961
459.0 307.6972207398095
460.0 307.4710662409137
461.0 307.2449136682245
462.0 307.01876302268823
463.0 306.792614305239
464.0 306.5664675167954
465.0 306.3403226582887
466.0 306.1141797306677
467.0 305.8880387348398
468.0 305.661899671758
469.0 305.4357625640095
470.0 305.20962736918636
471.0 304.9834941098958
472.0 304.75736278704903
473.0 304.53123339629917
474.0 304.30510594917473
475.0 304.0789804412913
476.0 303.85285687361045
477.0 303.62673524702467
478.0 303.4006155624898
479.0 303.1744978209324
480.0 302.94838202328265
481.0 302.72226817047033
482.0 302.49615626342484
483.0 302.27004630307835
484.0 302.0439382903547
485.0 301.8178322396929
486.0 301.59172813320345
487.0 301.3656259689594
488.0 301.1395257560725
489.0 300.91342749545436
490.0 300.6873311880593
491.0 300.4612368348244
492.0 300.2351444366321
493.0 300.0090539944669
494.0 299.78296550923903
495.0 299.5568789818745
496.0 299.33079441331137
497.0 299.10471180447706
498.0 298.87863115630006
499.0 298.65255246971367
500.0 298.4264757673241
501.0 298.2004010067154
502.0 297.9743282104832
503.0 297.7482573795677
504.0 297.5221885148947
505.0 297.2961216173922
506.0 297.07005668800343
507.0 296.8439937276481
508.0 296.6179327372577
509.0 296.3918737177564
510.0 296.16581667008796
511.0 295.9397615951794
512.0 295.71370851562574
513.0 295.48765738901994
514.0 295.2616082379681
515.0 295.0355610633838
516.0 294.80951586622245
517.0 294.58347264739524
518.0 294.35743140784575
519.0 294.1313921484939
520.0 293.9053548702693
521.0 293.67931957411156
522.0 293.4532862609457
523.0 293.2272549533825
524.0 293.00122560898706
525.0 292.77519825038326
526.0 292.54917287849935
527.0 292.3231494942547
528.0 292.097128098583
529.0 291.87110869241667
530.0 291.64509127668754
531.0 291.41907585232093
532.0 291.1930624202537
533.0 290.9670509949069
534.0 290.7410415584061
535.0 290.51503410880787
536.0 290.28902865522593
537.0 290.0630252038999
538.0 289.8370237451486
539.0 289.6110242852068
540.0 289.3850268249977
541.0 289.15903136546143
542.0 288.9330379075141
543.0 288.70704647378284
544.0 288.4810570218387
545.0 288.2550695742744
546.0 288.0290841320258
547.0 287.8031006960373
548.0 287.57711926722783
549.0 287.3511398465325
550.0 287.12516243486334
551.0 286.89918703317994
552.0 286.67321366405304
553.0 286.4472422851042
554.0 286.22127291889956
555.0 285.99530556639553
556.0 285.7693402284981
557.0 285.5433769061591
558.0 285.3174156003102
559.0 285.0914563118577
560.0 284.8654990417621
561.0 284.6395438125813
562.0 284.41359058196474
563.0 284.1876393724552
564.0 283.9616901850139
565.0 283.73574302055874
566.0 283.5097978853309
567.0 283.2838547696496
568.0 283.05791367974945
569.0 282.8319746382271
570.0 282.606037602681
571.0 282.38010259569916
572.0 282.1541696182225
573.0 281.92823867117215
574.0 281.70230975548003
575.0 281.4763828720828
576.0 281.25045804357137
577.0 281.0245352275401
578.0 280.79861444659167
579.0 280.5726957016462
580.0 280.3467789936375
581.0 280.12086432350037
582.0 279.89495169217474
583.0 279.6690411005596
584.0 279.4431325712772
585.0 279.2172260619112
586.0 278.991321600359
587.0 278.7654191769637
588.0 278.5395187979466
589.0 278.31362046421276
590.0 278.0877241767427
591.0 277.86182995809935
592.0 277.6359377658709
593.0 277.41004762267505
594.0 277.1841595294498
595.0 276.95827348709696
596.0 276.73238949654944
597.0 276.5065075587493
598.0 276.2806276962917
599.0 276.05474986677046
600.0 275.8288740927795
601.0 275.6030003805548
602.0 275.3771287204117
603.0 275.1512591185989
604.0 274.9253915895178
605.0 274.69952611531266
606.0 274.4736626940402
607.0 274.2478013348141
608.0 274.02194203854594
609.0 273.7960848061758
610.0 273.57022963863596
611.0 273.3443765585152
612.0 273.118525523411
613.0 272.8926765559319
614.0 272.6668296570006
615.0 272.4409848328305
616.0 272.21514207376947
617.0 271.98930140771
618.0 271.76346279224913
619.0 271.5376262499822
620.0 271.31179178184107
621.0 271.08595938874157
622.0 270.86012907163484
623.0 270.6343008530817
624.0 270.40847469070815
625.0 270.18265060711207
626.0 269.956828608504
627.0 269.73100868523176
628.0 269.50519084351873
629.0 269.27937510594086
630.0 269.05356143012597
631.0 268.8277498386444
632.0 268.6019403324424
633.0 268.376132912446
634.0 268.1503275795853
635.0 267.92452435643247
636.0 267.6987232006145
637.0 267.4729241400104
638.0 267.24712716496657
639.0 267.02133228168265
640.0 266.7955394911214
641.0 266.56974881584625
642.0 266.34396021348954
643.0 266.1181737066135
644.0 265.89238929616045
645.0 265.6666069830562
646.0 265.4408267899076
647.0 265.21504867958816
648.0 264.98927266413006
649.0 264.76349874972135
650.0 264.53772693733123
651.0 264.31195722784264
652.0 264.08618964388353
653.0 263.8604241430454
654.0 263.63466074792035
655.0 263.40889945944014
656.0 263.1831402785319
657.0 262.9573832330666
658.0 262.7316282700744
659.0 262.50587541746006
660.0 262.2801246761177
661.0 262.0543760470007
662.0 261.8286295526818
663.0 261.6028851507825
664.0 261.3771428638812
665.0 261.1514026982022
666.0 260.9256646440859
667.0 260.6999287294204
668.0 260.4741949118282
669.0 260.2484632138709
670.0 260.0227336364841
671.0 259.79700618060707
672.0 259.5712808688239
673.0 259.34555765873426
674.0 259.1198365782333
675.0 258.8941176176527
676.0 258.6684007832336
677.0 258.4426860975379
678.0 258.2169735181975
679.0 257.991263067793
680.0 257.76555474723915
681.0 257.53984855748354
682.0 257.31414452639024
683.0 257.0884426009976
684.0 256.86274280919247
685.0 256.6370451518878
686.0 256.4113496300134
687.0 256.18565626616163
688.0 255.95996501795688
689.0 255.73427591324202
690.0 255.50858894240153
691.0 255.28290413327974
692.0 255.05722144352154
693.0 254.8315408956892
694.0 254.60586249072733
695.0 254.38018622954698
696.0 254.1545121400384
697.0 253.9288401692342
698.0 253.70317034501088
699.0 253.47750266828282
700.0 253.2518371616507
701.0 253.02617378273112
702.0 252.8005125540891
703.0 252.5748534819657
704.0 252.34919655669
705.0 252.12354180615097
706.0 251.89788918796359
707.0 251.67223872470814
708.0 251.44659041731276
709.0 251.22094428835808
710.0 250.99530030076355
711.0 250.769658466526
712.0 250.54401879185556
713.0 250.31838127769376
714.0 250.09274594661832
715.0 249.86711275624225
716.0 249.64148172916174
717.0 249.41585287157508
718.0 249.19022619550236
719.0 248.964601663851
720.0 248.73897929919545
721.0 248.51335910247283
722.0 248.28774109625846
723.0 248.06212524346415
724.0 247.83651155609485
725.0 247.6109000403742
726.0 247.38529071887265
727.0 247.15968354921392
728.0 246.93407855397584
729.0 246.70847573937755
730.0 246.48287511743166
731.0 246.2572766510611
732.0 246.03168036280155
733.0 245.80608625363297
734.0 245.58049433791012
735.0 245.3549046031095
736.0 245.12931703669278
737.0 244.90373165306488
738.0 244.67814846660656
739.0 244.45256745949655
740.0 244.2269886297659
741.0 244.00141199181323
742.0 243.77583754945906
743.0 243.55026529017138
744.0 243.32469521197223
745.0 243.09912732397544
746.0 242.8735616487646
747.0 242.64799814923813
748.0 242.42243683741108
749.0 242.19687771950785
750.0 241.9713208180957
751.0 241.74576609079904
752.0 241.52021356020592
753.0 241.2946632325178
754.0 241.06911511974081
755.0 240.8435691848083
756.0 240.61802545027717
757.0 240.39248391709333
758.0 240.1669446130885
759.0 239.94140748535833
760.0 239.71587256174328
761.0 239.49033984318706
762.0 239.26480935223893
763.0 239.03928105182447
764.0 238.8137549539741
765.0 238.5882310865357
766.0 238.36270940711776
767.0 238.13718993832782
768.0 237.91167268106082
769.0 237.68615766321403
770.0 237.46064483182212
771.0 237.23513421477392
772.0 237.00962581296199
773.0 236.78411964897174
774.0 236.55861568572433
775.0 236.33311393523906
776.0 236.10761442535807
777.0 235.8821171137266
778.0 235.65662202290676
779.0 235.43112915911794
780.0 235.20563853436263
781.0 234.98015011157275
782.0 234.75466391329917
783.0 234.5291799404882
784.0 234.3036982209739
785.0 234.07821870185808
786.0 233.85274141096988
787.0 233.62726637089563
788.0 233.40179353927584
789.0 233.17632294394602
790.0 232.9508545752877
791.0 232.72538846115157
792.0 232.49992455916419
793.0 232.2744628919219
794.0 232.04900348724266
795.0 231.82354629224008
796.0 231.59809133473797
797.0 231.37263863731997
798.0 231.14718816290116
799.0 230.92173992351093
800.0 230.69629392534145
801.0 230.47085019094868
802.0 230.24540867798933
803.0 230.01996941431477
804.0 229.79453241193724
805.0 229.56909763377215
806.0 229.34366510239263
807.0 229.11823482400132
808.0 228.89280681060472
809.0 228.6673810251427
810.0 228.4419574901854
811.0 228.21653622826943
812.0 227.99111720233637
813.0 227.7657004244135
814.0 227.54028592232993
815.0 227.31487365373187
816.0 227.08946364646027
817.0 226.86405591254112
818.0 226.63865041488356
819.0 226.41324717608146
820.0 226.18784619703985
821.0 225.96244750558958
822.0 225.73705104885673
823.0 225.51165685465853
824.0 225.2862649455778
825.0 225.06087528452505
826.0 224.83548788353042
827.0 224.61010277042067
828.0 224.3847199028646
829.0 224.1593393086769
830.0 223.93396099989326
831.0 223.7085849394403
832.0 223.4832111498602
833.0 223.25783965374288
834.0 223.03247041400263
835.0 222.807103442653
836.0 222.5817387593613
837.0 222.35637634630697
838.0 222.13101620679285
839.0 221.90565833939056
840.0 221.68030277192165
841.0 221.45494946204755
842.0 221.22959843760043
843.0 221.00424971059854
844.0 220.77890324397384
845.0 220.5535590602835
846.0 220.3282171873687
847.0 220.1028775723221
848.0 219.87754024300608
849.0 219.65220522195708
850.0 219.42687247212675
851.0 219.2015420055128
852.0 218.97621384996427
853.0 218.75088796311897
854.0 218.52556437282814
855.0 218.3002430911068
856.0 218.0749240808775
857.0 217.84960736470578
858.0 217.6242929704229
859.0 217.39898084514698
860.0 217.17367101669575
861.0 216.94836350764797
862.0 216.72305828093062
863.0 216.49775534855067
864.0 216.2724547383459
865.0 216.04715641324862
866.0 215.82186038528016
867.0 215.5965666822668
868.0 215.37127526186683
869.0 215.145986165351
870.0 214.9206993644091
871.0 214.6954148623062
872.0 214.47013268980797
873.0 214.2448528097959
874.0 214.01957523435192
875.0 213.79429999124756
876.0 213.5690270382002
877.0 213.34375640297327
878.0 213.11848809763933
879.0 212.89322208510862
880.0 212.66795839321145
881.0 212.44269703396913
882.0 212.21743797031058
883.0 211.99218122479715
884.0 211.7669268252454
885.0 211.54167471880706
886.0 211.31642493328474
887.0 211.091177491233
888.0 210.8659323555996
889.0 210.64068956002853
890.0 210.41544906745133
891.0 210.1902109057004
892.0 209.9649750867841
893.0 209.7397415736475
894.0 209.51451038884608
895.0 209.28928156019916
896.0 209.0640550348311
897.0 208.83883084058374
898.0 208.61360900525386
899.0 208.38838947600405
900.0 208.16317230226838
901.0 207.9379574417164
902.0 207.71274492216668
903.0 207.4875347556628
904.0 207.26232690511168
905.0 207.03712139833578
906.0 206.8119182473796
907.0 206.58671741516164
908.0 206.3615189511225
909.0 206.1363228024329
910.0 205.91112899688707
911.0 205.6859375570311
912.0 205.46074844581713
913.0 205.23556167526226
914.0 205.01037727319857
915.0 204.7851952025377
916.0 204.56001549694423
917.0 204.3348381193628
918.0 204.10966309232643
919.0 203.88449044366672
920.0 203.659320120526
921.0 203.4341521507198
922.0 203.20898656204594
923.0 202.9838233016817
924.0 202.75866241904473
925.0 202.53350387708804
926.0 202.3083476878276
927.0 202.0831938790791
928.0 201.8580424137735
929.0 201.6328933255815
930.0 201.40774657742665
931.0 201.1826021918641
932.0 200.9574601966925
933.0 200.73232053908947
934.0 200.50718324685408
935.0 200.28204834777344
936.0 200.05691578905208
937.0 199.83178562008234
938.0 199.60665780383434
939.0 199.3815323523024
940.0 199.15640929334
941.0 198.9312885898302
942.0 198.70617027547667
943.0 198.48105431319303
944.0 198.25594073078275
945.0 198.03082954029378
946.0 197.80572070465942
947.0 197.58061427329073
948.0 197.35551019336953
949.0 197.13040849271113
950.0 196.905309199101
951.0 196.68021225970736
952.0 196.4551177239654
953.0 196.2300255495561
954.0 196.00493576428093
955.0 195.77984838017633
956.0 195.55476336017517
957.0 195.329680753683
958.0 195.10460050793463
959.0 194.87952267228422
960.0 194.65444720970254
961.0 194.429374132215
962.0 194.20430346763314
963.0 193.97923517889353
964.0 193.7541692996459
965.0 193.52910579283662
966.0 193.30404468625488
967.0 193.078985991948
968.0 192.8539296728598
969.0 192.62887577839496
970.0 192.40382425573605
971.0 192.17877514612874
972.0 191.95372843704348
973.0 191.72868411599106
974.0 191.50364222418213
975.0 191.27860270881962
976.0 191.0535656193131
977.0 190.82853091857422
978.0 190.6034986186828
979.0 190.37846874741865
980.0 190.1534412676997
981.0 189.928416213234
982.0 189.7033935469185
983.0 189.47837331818144
984.0 189.2533554742077
985.0 189.02834004279384
986.0 188.80332705172026
987.0 188.57831644821147
988.0 188.35330828162614
989.0 188.12830251494665
990.0 187.90329918181206
991.0 187.67829824517148
992.0 187.45329973281065
993.0 187.22830365677575
994.0 187.00330998525342
995.0 186.77831875189858
996.0 186.55332991967265
997.0 186.32834353795207
998.0 186.1033595539679
999.0 185.8783780170963
1000.0 185.6533988902868
1001.0 185.42842218559397
1002.0 185.2034479307833
1003.0 184.9784760888175
1004.0 184.75350669335378
1005.0 184.52853970732508
1006.0 184.30357518013565
1007.0 184.0786130589904
1008.0 183.85365339854442
1009.0 183.62869614598003
1010.0 183.40374132910267
1011.0 183.17878897567496
1012.0 182.95383903293614
1013.0 182.7288915502436
1014.0 182.5039464905778
1015.0 182.2790038875597
1016.0 182.05406370941975
1017.0 181.82912598978945
1018.0 181.60419069161898
1019.0 181.3792578426957
1020.0 181.15432745505805
1021.0 180.92939949167777
1022.0 180.7044740019093
1023.0 180.47955093299308
1024.0 180.25463033954006
1025.0 180.02971216879473
1026.0 179.80479647011765
1027.0 179.5798832064809
1028.0 179.3549724115225
1029.0 179.13006404820464
1030.0 178.90515816590738
1031.0 178.68025471184808
1032.0 178.4553537190535
1033.0 178.23045519957245
1034.0 178.00555911633745
1035.0 177.78066551874895
1036.0 177.55577435402944
1037.0 177.33088567678422
1038.0 177.10599943427331
1039.0 176.88111567584698
1040.0 176.6562343644676
1041.0 176.43135553379577
1042.0 176.2064791467773
1043.0 175.98160525278746
1044.0 175.75673379904907
1045.0 175.53186484020415
1046.0 175.30699832347307
1047.0 175.08213427661744
1048.0 174.85727272742312
1049.0 174.6324136231072
1050.0 174.40755701828226
1051.0 174.18270286019555
1052.0 173.95785119822938
1053.0 173.73300199530874
1054.0 173.5081552851152
1055.0 173.2833110358217
1056.0 173.05846928110228
1057.0 172.83362998389129
1058.0 172.60879319357883
1059.0 172.3839588573958
1060.0 172.15912702994623
1061.0 171.93429765846804
1062.0 171.7094707923491
1063.0 171.48464639450742
1064.0 171.25982449864475
1065.0 171.03500507293063
1066.0 170.81018815101325
1067.0 170.58537369586818
1068.0 170.36056175682694
1069.0 170.13575228117782
1070.0 169.91094532348097
1071.0 169.6861408310259
1072.0 169.46133885837585
1073.0 169.23653935280473
1074.0 169.01174236366205
1075.0 168.7869478539042
1076.0 168.56215585719588
1077.0 168.33736634172018
1078.0 168.1125793411266
1079.0 167.88779481839885
1080.0 167.66301282285815
1081.0 167.43823330179148
1082.0 167.21345630976924
1083.0 166.98868179407427
1084.0 166.76390980927295
1085.0 166.53914030261893
1086.0 166.3143733234841
1087.0 166.08960883482118
1088.0 165.86484687030514
1089.0 165.64008739808312
1090.0 165.41533045184937
1091.0 165.19057599977563
1092.0 164.96582407553268
1093.0 164.7410746420596
1094.0 164.51632774872846
1095.0 164.29158334279103
1096.0 164.06684147883084
1097.0 163.84210210412482
1098.0 163.61736527324877
1099.0 163.39263093344698
1100.0 163.1678991341024
1101.0 162.94316983815767
1102.0 162.7184430792726
1103.0 162.49371882562355
1104.0 162.26899711088836
1105.0 162.0442779032341
1106.0 161.81956123634475
1107.0 161.59484707317128
1108.0 161.3701354630523
1109.0 161.14542635327126
1110.0 160.9207197983785
1111.0 160.6960157456729
1112.0 160.47131424971218
1113.0 160.24661525778302
1114.0 160.0219188244412
1115.0 159.79722489697548
1116.0 159.57253352472074
1117.0 159.34784467064782
1118.0 159.12315836839903
1119.0 158.89847460777037
1120.0 158.67379335761856
1121.0 158.4491146725408
1122.0 158.2244384997854
1123.0 157.99976489394047
1124.0 157.77509380227562
1125.0 157.55042527412914
1126.0 157.325759272471
1127.0 157.10109583095175
1128.0 156.876434917757
1129.0 156.65177656655345
1130.0 156.4271207455296
1131.0 156.20246748834154
1132.0 155.97781676316387
1133.0 155.75316860367192
1134.0 155.52852297804284
1135.0 155.30387991993544
1136.0 155.07923941391664
1137.0 154.85460144453202
1138.0 154.62996604544296
1139.0 154.4053331848401
1140.0 154.18070289637234
1141.0 153.95607514822558
1142.0 153.73144997407752
1143.0 153.50682734209605
1144.0 153.2822072859391
1145.0 153.05758977381814
1146.0 152.83297483936366
1147.0 152.60836247237384
1148.0 152.38375264171765
1149.0 152.1591454019554
1150.0 151.93454070037942
1151.0 151.7099385863205
1152.0 151.48533902274528
1153.0 151.26074204330232
1154.0 151.03614761617635
1155.0 150.81155577504936
1156.0 150.58696648808618
1157.0 150.36237978894974
1158.0 150.13779566741778
1159.0 149.91321409237852
1160.0 149.68863511838703
1161.0 149.46405869271936
1162.0 149.2394848699552
1163.0 149.01491359736525
1164.0 148.79034492950726
1165.0 148.56577882708422
1166.0 148.3412153044269
1167.0 148.116654370639
1168.0 147.89209600209284
1169.0 147.66754023244764
1170.0 147.4429870298876
1171.0 147.2184364280772
1172.0 146.99388839519227
1173.0 146.7693429649023
1174.0 146.5448001269684
1175.0 146.32025985030378
1176.0 146.09572218420837
1177.0 145.87118709166703
1178.0 145.64665460631585
1179.0 145.42212469635922
1180.0 145.19759739544358
1181.0 144.9730726933548
1182.0 144.74855055897706
1183.0 144.52403104685865
1184.0 144.2995141042959
1185.0 144.07499978583158
1186.0 143.85048803878237
1187.0 143.62597891766666
1188.0 143.4014723913894
1189.0 143.1769684497173
1190.0 142.95246712633357
1191.0 142.7279683893856
1192.0 142.5034722725718
1193.0 142.27897874403862
1194.0 142.0544878374799
1195.0 141.82999954264224
1196.0 141.60551382844017
1197.0 141.3810307493996
1198.0 141.15655025283152
1199.0 140.93207239327222
1200.0 140.70759713961863
1201.0 140.48312448163875
1202.0 140.258654453001
1203.0 140.03418702188202
1204.0 139.8097222219495
1205.0 139.5852600213732
1206.0 139.36080045382002
1207.0 139.13634350907603
1208.0 138.91188915601694
1209.0 138.6874374491837
1210.0 138.46298834110488
1211.0 138.23854187067153
1212.0 138.01409802763962
1213.0 137.78965678091166
1214.0 137.56521818502802
1215.0 137.34078218728712
1216.0 137.11634884221445
1217.0 136.89191811872888
1218.0 136.66749000659982
1219.0 136.443064539474
1220.0 136.21864168555385
1221.0 135.9942214784741
1222.0 135.7698039080222
1223.0 135.54538894310932
1224.0 135.32097663823205
1225.0 135.09656694072999
1226.0 134.87215990512644
1227.0 134.6477555003053
1228.0 134.42335371607388
1229.0 134.19895458605308
1230.0 133.97455807846393
1231.0 133.7501642269281
1232.0 133.52577302123066
1233.0 133.30138443550646
1234.0 133.07699850862102
1235.0 132.85261520874337
1236.0 132.62823456954524
1237.0 132.40385658079006
1238.0 132.17948121141163
1239.0 131.95510851588892
1240.0 131.7307384631555
1241.0 131.50637104296294
1242.0 131.2820062889792
1243.0 131.05764416940215
1244.0 130.83328471786766
1245.0 130.6089279241394
1246.0 130.38457375716052
1247.0 130.16022227140743
1248.0 129.9358734194513
1249.0 129.71152724014635
1250.0 129.48718372327266
1251.0 129.2628428377346
1252.0 129.0385046380418
1253.0 128.81416909311497
1254.0 128.5898361927154
1255.0 128.3655059705016
1256.0 128.14117839467463
1257.0 127.9168534988551
1258.0 127.69253127283278
1259.0 127.46821169074168
1260.0 127.24389479143586
1261.0 127.0195805646857
1262.0 126.79526897942304
1263.0 126.57096009012929
1264.0 126.34665384416766
1265.0 126.12235029601524
1266.0 125.89804941460099
1267.0 125.67375118970084
1268.0 125.44945566017265
1269.0 125.22516280013579
1270.0 125.00087259938742
1271.0 124.77658509154726
1272.0 124.5523002664019
1273.0 124.32801809287037
1274.0 124.10373862545288
1275.0 123.8794618114876
1276.0 123.65518770546677
1277.0 123.43091628152354
1278.0 123.20664751381622
1279.0 122.98238145680662
1280.0 122.75811807944766
1281.0 122.53385737146985
1282.0 122.3095993665545
1283.0 122.08534405446895
1284.0 121.86109140933763
1285.0 121.63684147002415
1286.0 121.4125942262773
1287.0 121.18834964705032
1288.0 120.96410778682004
1289.0 120.73986859294533
1290.0 120.51563211989895
1291.0 120.29139834183691
1292.0 120.0671672328947
1293.0 119.84293884754629
1294.0 119.61871315472355
1295.0 119.39449014420815
1296.0 119.17026984963552
1297.0 118.94605226076209
1298.0 118.72183735174627
1299.0 118.49762516143171
1300.0 118.27341567959292
1301.0 118.04920887516096
1302.0 117.82500480261662
1303.0 117.60080343087891
1304.0 117.37660474973367
1305.0 117.15240879801785
1306.0 116.9282155498864
1307.0 116.70402499509704
1308.0 116.47983716729811
1309.0 116.25565205626462
1310.0 116.0314696361191
1311.0 115.80728994573238
1312.0 115.58311297485395
1313.0 115.3589386924539
1314.0 115.13476715296049
1315.0 114.91059832534958
1316.0 114.6864321993437
1317.0 114.46226881382981
1318.0 114.23810814295575
1319.0 114.01395017645841
1320.0 113.78979494800883
1321.0 113.56564244734618
1322.0 113.34149264864395
1323.0 113.11734559073281
1324.0 112.89320126337887
1325.0 112.66905963554521
1326.0 112.44492076166588
1327.0 112.22078461590385
1328.0 111.99665117241939
1329.0 111.77252048564075
1330.0 111.54839252454721
1331.0 111.32426727889808
1332.0 111.10014478752285
1333.0 110.87602502458515
1334.0 110.65190797983209
1335.0 110.42779368693684
1336.0 110.20368213563609
1337.0 109.97957331347024
1338.0 109.75546721914854
1339.0 109.53136388256617
1340.0 109.30726328085824
1341.0 109.08316540378385
1342.0 108.85907029019556
1343.0 108.634977914252
1344.0 108.4108882657058
1345.0 108.18680137819662
1346.0 107.96271724148987
1347.0 107.73863582973117
1348.0 107.51455718178534
1349.0 107.29048128739414
1350.0 107.0664081207136
1351.0 106.84233772060684
1352.0 106.61827007681805
1353.0 106.39420517986042
1354.0 106.17014301950613
1355.0 105.94608363459322
1356.0 105.72202699927846
1357.0 105.4979731033214
1358.0 105.27392198036175
1359.0 105.04987362016684
1360.0 104.82582799688056
1361.0 104.60178514937138
1362.0 104.37774506734885
1363.0 104.15370774658017
1364.0 103.92967316123163
1365.0 103.70564136568801
1366.0 103.48161232895808
1367.0 103.25758604077473
1368.0 103.03356253999463
1369.0 102.80954180077012
1370.0 102.58552381286032
1371.0 102.36150861509972
1372.0 102.1374961816602
1373.0 101.91348652385821
1374.0 101.68947961583841
1375.0 101.46547549647501
1376.0 101.24147415548045
1377.0 101.01747556186183
1378.0 100.7934797700234
1379.0 100.56948675413217
1380.0 100.34549650992001
1381.0 100.12150902714023
1382.0 99.89752434461703
1383.0 99.6735424365429
1384.0 99.44956329265294
1385.0 99.22558695177898
1386.0 99.00161338810659
1387.0 98.77764261294192
1388.0 98.55367459525307
1389.0 98.32970938946016
1390.0 98.10574696972732
1391.0 97.88178733178692
1392.0 97.65783046539994
1393.0 97.43387640937351
1394.0 97.20992513790806
1395.0 96.9859766407483
1396.0 96.76203095671265
1397.0 96.53808806000464
1398.0 96.31414796189388
1399.0 96.0902106365702
1400.0 95.86627612286821
1401.0 95.64234441053969
1402.0 95.41841548712532
1403.0 95.19448935134851
1404.0 94.9705660330643
1405.0 94.74664550944071
1406.0 94.52272777024795
1407.0 94.2988128542823
1408.0 94.07490073574564
1409.0 93.85099142593182
1410.0 93.6270848990168
1411.0 93.40318119383004
1412.0 93.17928030012148
1413.0 92.95538221361986
1414.0 92.7314869085054
1415.0 92.50759443918022
1416.0 92.28370477981206
1417.0 92.05981792614473
1418.0 91.8359338679172
1419.0 91.61205264395652
1420.0 91.38817422845665
1421.0 91.16429863269768
1422.0 90.94042583086573
1423.0 90.71655586180829
1424.0 90.49268871523992
1425.0 90.26882438690548
1426.0 90.04496285098548
1427.0 89.82110416188341
1428.0 89.59724829376965
1429.0 89.37339524238426
1430.0 89.14954499745049
1431.0 88.92569759782909
1432.0 88.70185301766925
1433.0 88.4780112683055
1434.0 88.25417232387456
1435.0 88.03033622324777
1436.0 87.80650295612985
1437.0 87.58267251828029
1438.0 87.35884488387892
1439.0 87.1350201073078
1440.0 86.91119816275031
1441.0 86.68737905111288
1442.0 86.46356274661166
1443.0 86.23974930361184
1444.0 86.01593869630432
1445.0 85.79213092041223
1446.0 85.56832596569835
1447.0 85.34452387096417
1448.0 85.12072461042514
1449.0 84.89692819533488
1450.0 84.67313459990784
1451.0 84.44934386296097
1452.0 84.22555597423967
1453.0 84.00177092947482
1454.0 83.7779887162147
1455.0 83.55420934875369
1456.0 83.33043284135857
1457.0 83.10665918160575
1458.0 82.88288836520806
1459.0 82.65912038193088
1460.0 82.43535527056756
1461.0 82.2115930053299
1462.0 81.98783359749754
1463.0 81.76407702125871
1464.0 81.54032331544765
1465.0 81.3165724697802
1466.0 81.09282448001848
1467.0 80.86907934188257
1468.0 80.64533704512101
1469.0 80.42159762854827
1470.0 80.19786107154624
1471.0 79.97412736985055
1472.0 79.75039651318811
1473.0 79.52666854040038
1474.0 79.30294342566329
1475.0 79.07922118027746
1476.0 78.8555017999521
1477.0 78.63178526408677
1478.0 78.40807161149921
1479.0 78.18436083191578
1480.0 77.9606529210753
1481.0 77.73694787473487
1482.0 77.51324568260667
1483.0 77.2895463835197
1484.0 77.06584995168696
1485.0 76.84215639836235
1486.0 76.61846569775379
1487.0 76.39477789385955
1488.0 76.1710929608729
1489.0 75.94741091008792
1490.0 75.72373173721456
1491.0 75.50005541649325
1492.0 75.27638200223747
1493.0 75.05271146865518
1494.0 74.82904381667035
1495.0 74.60537904204396
1496.0 74.38171713448169
1497.0 74.15805813280001
1498.0 73.93440201640502
1499.0 73.71074878101194
1500.0 73.48709843789952
1501.0 73.26345096127996
1502.0 73.03980638996254
1503.0 72.81616471366715
1504.0 72.59252592814727
1505.0 72.36889003433438
1506.0 72.14525700641306
1507.0 71.9216268987394
1508.0 71.69799968550356
1509.0 71.4743753676432
1510.0 71.25075394088151
1511.0 71.027135394962
1512.0 70.80351976868762
1513.0 70.57990703627716
1514.0 70.35629720899246
1515.0 70.13269028257594
1516.0 69.90908625794484
1517.0 69.68548510931895
1518.0 69.46188689102058
1519.0 69.23829157725007
1520.0 69.01469916894047
1521.0 68.79110966183738
1522.0 68.56752304565563
1523.0 68.34393935922974
1524.0 68.12035858191263
1525.0 67.8967807094751
1526.0 67.67320575317133
1527.0 67.44963370874709
1528.0 67.2260645555741
1529.0 67.00249833249022
1530.0 66.77893502919706
1531.0 66.55537464144714
1532.0 66.33181717016618
1533.0 66.10826258955582
1534.0 65.88471095396567
1535.0 65.66116223757501
1536.0 65.43761644132208
1537.0 65.2140735609483
1538.0 64.99053360771289
1539.0 64.76699655583003
1540.0 64.54346244927032
1541.0 64.31993126227732
1542.0 64.0964030060835
1543.0 63.872877676429866
1544.0 63.64935527425363
1545.0 63.425835773770665
1546.0 63.20231922927572
1547.0 62.97880561501017
1548.0 62.75529493187995
1549.0 62.53178717564147
1550.0 62.30828235753152
1551.0 62.084780451786216
1552.0 61.86128150236867
1553.0 61.63778548351668
1554.0 61.414292406465364
1555.0 61.19080226696414
1556.0 60.9673150659471
1557.0 60.74383079096444
1558.0 60.52034945628484
1559.0 60.29687107618199
1560.0 60.0733956382143
1561.0 59.84992313814535
1562.0 59.62645358720499
1563.0 59.40298698115827
1564.0 59.17952329939276
1565.0 58.95606258586703
1566.0 58.73260481484026
1567.0 58.50914999750958
1568.0 58.28569812967179
1569.0 58.06224921219964
1570.0 57.8388032408916
1571.0 57.61536020543125
1572.0 57.391920144648765
1573.0 57.1684830379156
1574.0 56.94504888615309
1575.0 56.72161768513038
1576.0 56.49818944606527
1577.0 56.27476415653782
1578.0 56.05134182048844
1579.0 55.82792245217618
1580.0 55.60450604951171
1581.0 55.381092608220136
1582.0 55.157682129237
1583.0 54.934274613472084
1584.0 54.71087005669839
1585.0 54.48746844859442
1586.0 54.26406982799299
1587.0 54.04067417428363
1588.0 53.817281483212334
1589.0 53.59389176602656
1590.0 53.370505018465316
1591.0 53.14712124146538
1592.0 52.92374041440397
1593.0 52.70036257609995
1594.0 52.47698771624482
1595.0 52.25361583061063
1596.0 52.030246920107864
1597.0 51.806880985650174
1598.0 51.58351802301778
1599.0 51.36015804340994
1600.0 51.13680102108252
1601.0 50.91344699997622
1602.0 50.69009595952726
1603.0 50.46674789545206
1604.0 50.24340281899059
1605.0 50.02006072592254
1606.0 49.79672161713753
1607.0 49.5733854935629
1608.0 49.35005232944221
1609.0 49.126722179035994
1610.0 48.903395016591936
1611.0 48.6800708430311
1612.0 48.456749659246476
1613.0 48.2334314610127
1614.0 48.010116259564676
1615.0 47.78680405065134
1616.0 47.563494813672776
1617.0 47.340188592584646
1618.0 47.11688536161272
1619.0 46.89358513202242
1620.0 46.670287899528766
1621.0 46.446993665077635
1622.0 46.223702429573535
1623.0 46.00041418877501
1624.0 45.7771289539196
1625.0 45.553846699235706
1626.0 45.33056746869174
1627.0 45.10729124166494
1628.0 44.884018019085794
1629.0 44.66074779671574
1630.0 44.43748058576728
1631.0 44.21421638200933
1632.0 43.990955186359386
1633.0 43.767696999727455
1634.0 43.544441817890394
1635.0 43.32118963053346
1636.0 43.09794047646804
1637.0 42.874694335079795
1638.0 42.651451207287415
1639.0 42.42821109401899
1640.0 42.20497399102969
1641.0 41.981739909533005
1642.0 41.75850884530528
1643.0 41.53528079923948
1644.0 41.3120557722798
1645.0 41.08883374381212
1646.0 40.86561475262499
1647.0 40.64239878843039
1648.0 40.419185846986856
1649.0 40.195975929217646
1650.0 39.97276903602751
1651.0 39.74956516834404
1652.0 39.52636432192218
1653.0 39.303166507980954
1654.0 39.07997172228829
1655.0 38.85677996575254
1656.0 38.63359121777402
1657.0 38.41040552231346
1658.0 38.187222853603835
1659.0 37.96404322286294
1660.0 37.740866625865955
1661.0 37.51769306352024
1662.0 37.29452253673487
1663.0 37.071355046441546
1664.0 36.84819058839207
1665.0 36.62502917381101
1666.0 36.40187079844581
1667.0 36.17871546322604
1668.0 35.95556316088992
1669.0 35.73241389538007
1670.0 35.509267680937
1671.0 35.286124515438885
1672.0 35.06298439466739
1673.0 34.8398473195205
1674.0 34.616713290919826
1675.0 34.39358230979054
1676.0 34.17045437703762
1677.0 33.94732948843503
1678.0 33.72420765517796
1679.0 33.501088873056716
1680.0 33.27797314296016
1681.0 33.05486046581517
1682.0 32.831750821036515
1683.0 32.60864425253823
1684.0 32.385540734617045
1685.0 32.16244027842293
1686.0 31.939342879765913
1687.0 31.71624853954544
1688.0 31.49315725868984
1689.0 31.270069038106747
1690.0 31.046983878683314
1691.0 30.82390177625295
1692.0 30.60082274196126
1693.0 30.377746771596875
1694.0 30.154673866076337
1695.0 29.931604026321697
1696.0 29.708537253224225
1697.0 29.48547354772885
1698.0 29.262412897412723
1699.0 29.039355316507205
1700.0 28.81630081927061
1701.0 28.593249393268056
1702.0 28.37020103941343
1703.0 28.147155758653586
1704.0 27.92411355186991
1705.0 27.701074419987854
1706.0 27.478038358791462
1707.0 27.255005379472802
1708.0 27.031975477794745
1709.0 26.808948654668306
1710.0 26.585924911037193
1711.0 26.362904247783295
1712.0 26.139886665833
1713.0 25.916872166105964
1714.0 25.693860744368685
1715.0 25.470852411829352
1716.0 25.247847164230627
1717.0 25.024845002526824
1718.0 24.801845927606557
1719.0 24.578849918892534
1720.0 24.355857020281956
1721.0 24.132867211226156
1722.0 23.90988048746565
1723.0 23.686896860217278
1724.0 23.463916325232617
1725.0 23.24093888343421
1726.0 23.017964535744362
1727.0 22.794993283065168
1728.0 22.572025126332168
1729.0 22.349060066429168
1730.0 22.126098104292666
1731.0 21.9031392356995
1732.0 21.680183471821525
1733.0 21.45723080844737
1734.0 21.234281246486827
1735.0 21.011334786852572
1736.0 20.788391430462347
1737.0 20.565451178241823
1738.0 20.342514031079375
1739.0 20.11957998990741
1740.0 19.896649050506625
1741.0 19.673721224041405
1742.0 19.450796506304474
1743.0 19.22787489822055
1744.0 19.004956400675347
1745.0 18.78204101461236
1746.0 18.559128740919473
1747.0 18.336219580519003
1748.0 18.11331353433758
1749.0 17.89041060327152
1750.0 17.667510788246016
1751.0 17.444614085051384
1752.0 17.221720504834693
1753.0 16.998830043392992
1754.0 16.77594270166206
1755.0 16.55305845903212
1756.0 16.330177359416496
1757.0 16.10729938223452
1758.0 15.884424528395026
1759.0 15.661552798818635
1760.0 15.438684194405754
1761.0 15.215818710963543
1762.0 14.9929563596458
1763.0 14.770097136230332
1764.0 14.547241041665192
1765.0 14.32438807681493
1766.0 14.101538242633616
1767.0 13.87869154000939
1768.0 13.655847969878508
1769.0 13.43300753313296
1770.0 13.210170230696253
1771.0 12.987336063482513
1772.0 12.764505032402251
1773.0 12.541677133246985
1774.0 12.318852377179425
1775.0 12.09603075996991
1776.0 11.873212282567938
1777.0 11.650396945846
1778.0 11.427584750757205
1779.0 11.20477569818488
1780.0 10.9819697890571
1781.0 10.759167024278126
1782.0 10.53636740477267
1783.0 10.313570931441618
1784.0 10.090777605200062
1785.0 9.86798742696982
1786.0 9.645200397659487
1787.0 9.42241651306178
1788.0 9.199635784319673
1789.0 8.976858207250435
1790.0 8.754083782750621
1791.0 8.531312511727377
1792.0 8.308544395105656
1793.0 8.085779433793325
1794.0 7.863017628703786
1795.0 7.640258980756217
1796.0 7.4175034908435675
1797.0 7.19475117321332
1798.0 6.9720020103233935
1799.0 6.749256000041149
1800.0 6.526513151472216
1801.0 6.30377346549992
1802.0 6.0810369379542735
1803.0 5.858303579946735
1804.0 5.635573387310447
1805.0 5.412846360925368
1806.0 5.1901225017248676
1807.0 4.967401810611762
1808.0 4.744684288503305
1809.0 4.521969936309287
1810.0 4.299258754944074
1811.0 4.076550745317941
1812.0 3.853845908354394
1813.0 3.631144244946143
1814.0 3.40844575602632
1815.0 3.185750442490523
1816.0 2.963058305267071
1817.0 2.7403693452556515
1818.0 2.5176835633735157
1819.0 2.295000960533104
1820.0 2.0723215376560007
1821.0 1.849645295635634
1822.0 1.6269722302789216
1823.0 1.4043023527435168
1824.0 1.1816356587975978
1825.0 0.9589721493702061
1826.0 0.7363118253805196
1827.0 0.5136546877366447
1828.0 0.29100073733321685
1829.0 0.06834997510192606
1830.0 -0.1542976245933674
1831.0 -0.3769420077481223
1832.0 -0.59958320000088
1833.0 -0.8222211789636661
1834.0 -1.0448559866707843
1835.0 -1.267487600739069
1836.0 -1.4901160202611323
1837.0 -1.7127412443214096
1838.0 -1.9353632719968723
1839.0 -2.1579821023820585
1840.0 -2.3805977345659732
1841.0 -2.6032101676342503
1842.0 -2.8258194006816706
1843.0 -3.0484254327859284
1844.0 -3.2710282630511864
1845.0 -3.493627890536131
1846.0 -3.7162243143552716
1847.0 -3.9388175335906346
1848.0 -4.161407547324245
1849.0 -4.383994354647756
1850.0 -4.60657795464247
1851.0 -4.829158346408701
1852.0 -5.051735534141698
1853.0 -5.274309506701132
1854.0 -5.496880246818745
1855.0 -5.71944779652523
1856.0 -5.9420121334407945
1857.0 -6.164573256636636
1858.0 -6.387131165224857
1859.0 -6.609685858279303
1860.0 -6.832237334895473
1861.0 -7.0547855941621345
1862.0 -7.277330635154091
1863.0 -7.499872456982726
1864.0 -7.722411058707689
1865.0 -7.944946439440118
1866.0 -8.167478598257231
1867.0 -8.390007534246104
1868.0 -8.612533246507052
1869.0 -8.835055734105975
1870.0 -9.057574974687387
1871.0 -9.28009101026778
1872.0 -9.502603818448353
1873.0 -9.725113398359497
1874.0 -9.947619749040882
1875.0 -10.170122869629646
1876.0 -10.392622759171235
1877.0 -10.615119416777752
1878.0 -10.837612841533392
1879.0 -11.060103032521623
1880.0 -11.282589988837463
1881.0 -11.505073709562945
1882.0 -11.727554193796928
1883.0 -11.95003144061206
1884.0 -12.172505427641303
1885.0 -12.394976196910047
1886.0 -12.617443726031766
1887.0 -12.839908014101475
1888.0 -13.062369060190859
1889.0 -13.284826863419235
1890.0 -13.50728142285949
1891.0 -13.729732737583541
1892.0 -13.952180806709272
1893.0 -14.174625629300172
1894.0 -14.397067204459447
1895.0 -14.61950553128669
1896.0 -14.841940587373946
1897.0 -15.064372414762264
1898.0 -15.286800991067995
1899.0 -15.509226315392896
1900.0 -15.731648386820677
1901.0 -15.954067204418926
1902.0 -16.17648276730432
1903.0 -16.398895074551426
1904.0 -16.621304125252376
1905.0 -16.843709918488955
1906.0 -17.066112453368213
1907.0 -17.28851170750049
1908.0 -17.51090772290108
1909.0 -17.733300477209198
1910.0 -17.95568996950061
1911.0 -18.178076198860715
1912.0 -18.400459164400413
1913.0 -18.62283886519114
1914.0 -18.845215300322863
1915.0 -19.06758846378773
1916.0 -19.289958364878565
1917.0 -19.512324976115828
1918.0 -19.734688339508562
1919.0 -19.957048432695252
1920.0 -20.179405254761775
1921.0 -20.401758804796657
1922.0 -20.624109081887696
1923.0 -20.84645608512101
1924.0 -21.068799813599078
1925.0 -21.29114026639911
1926.0 -21.513477442608675
1927.0 -21.735811319860723
1928.0 -21.95814194018162
1929.0 -22.18046928117833
1930.0 -22.402793341934093
1931.0 -22.625114121555708
1932.0 -22.847431619129058
1933.0 -23.069745833745554
1934.0 -23.29205676449251
1935.0 -23.514364410450273
1936.0 -23.736668749265032
1937.0 -23.958969822928736
1938.0 -24.18126760908687
1939.0 -24.403562106815674
1940.0 -24.625853315218347
1941.0 -24.848141233364643
1942.0 -25.070425860366193
1943.0 -25.292707195299005
1944.0 -25.514985215796028
1945.0 -25.737259958777145
1946.0 -25.95953141204835
1947.0 -26.18179956962126
1948.0 -26.404064430573577
1949.0 -26.626325993995515
1950.0 -26.848584258985213
1951.0 -27.07083922463842
1952.0 -27.293090876730503
1953.0 -27.515339232764326
1954.0 -27.737584294899715
1955.0 -27.959826054050062
1956.0 -28.182064509302187
1957.0 -28.40429965973717
1958.0 -28.626531504451947
1959.0 -28.84876004254659
1960.0 -29.070985251642988
1961.0 -29.293207173751394
1962.0 -29.515425786489107
1963.0 -29.737641088954053
1964.0 -29.95985307516771
1965.0 -30.18206175436614
1966.0 -30.404267120574918
1967.0 -30.626469172854673
1968.0 -30.848667888891285
1969.0 -31.070863310620165
1970.0 -31.293055415737797
1971.0 -31.515244203298536
1972.0 -31.737429672388732
1973.0 -31.959611822116166
1974.0 -32.18179065155998
1975.0 -32.40396613837213
1976.0 -32.626138324534466
1977.0 -32.84830718767802
1978.0 -33.07047272692501
1979.0 -33.29263494133123
1980.0 -33.514793824904935
1981.0 -33.73694938692405
1982.0 -33.95910159994176
1983.0 -34.18125050594543
1984.0 -34.40339608255576
1985.0 -34.62553832889905
1986.0 -34.84767724403518
1987.0 -35.069812827069036
1988.0 -35.29194505564057
1989.0 -35.51407397172005
1990.0 -35.7361995529893
1991.0 -35.95832179849739
1992.0 -36.18044070736579
1993.0 -36.40255627358086
1994.0 -36.624668506396965
1995.0 -36.84677737839397
1996.0 -37.06888293154122
1997.0 -37.29098514349693
1998.0 -37.513084013339515
1999.0 -37.73517954015752
2000.0 -37.95727172305219
2001.0 -38.17936053966012
2002.0 -38.40144603196048
2003.0 -38.623528177614645
2004.0 -38.845606975690686
2005.0 -39.067682420214894
2006.0 -39.28975452043801
2007.0 -39.511823248913934
2008.0 -39.733888647632455
2009.0 -39.955950694246496
2010.0 -40.1780093878311
2011.0 -40.40006472748467
2012.0 -40.622116712301974
2013.0 -40.844165319925125
2014.0 -41.06621059232801
2015.0 -41.2882525071643
2016.0 -41.51029105844972
2017.0 -41.73232625542438
2018.0 -41.95435809210282
2019.0 -42.17638654613774
2020.0 -42.3984116595035
2021.0 -42.620433409840544
2022.0 -42.84245179625181
2023.0 -43.064466817824155
2024.0 -43.286478473629
2025.0 -43.508486741352264
2026.0 -43.730491657869514
2027.0 -43.9524932109822
2028.0 -44.174491394718046
2029.0 -44.396486208156446
2030.0 -44.618477628955155
2031.0 -44.84046569906905
2032.0 -45.062450396175855
2033.0 -45.28443171935759
2034.0 -45.506409667683776
2035.0 -45.728384240278054
2036.0 -45.95035540969699
2037.0 -46.17232322805599
2038.0 -46.39428766795924
2039.0 -46.616248728462786
2040.0 -46.83820640869005
2041.0 -47.060160686272766
2042.0 -47.28211160319953
2043.0 -47.5040591371021
2044.0 -47.72600328707091
2045.0 -47.947944047139515
2046.0 -48.16988140510448
2047.0 -48.391815397855886
2048.0 -48.61374600304592
2049.0 -48.83567321976502
2050.0 -49.05759704710918
2051.0 -49.27951746273302
2052.0 -49.50143450860177
2053.0 -49.723348157295085
2054.0 -49.9452584180519
2055.0 -50.1671652848954
2056.0 -50.38906873546431
2057.0 -50.61096881174096
2058.0 -50.832865491377326
2059.0 -51.054758773452775
2060.0 -51.27664865707003
2061.0 -51.49853511481308
2062.0 -51.720418198791805
2063.0 -51.94229788158415
2064.0 -52.164174162280105
2065.0 -52.38604703997226
2066.0 -52.607916492322474
2067.0 -52.82978256129188
2068.0 -53.05164522453655
2069.0 -53.27350447606906
2070.0 -53.49536032513822
2071.0 -53.7172127443131
2072.0 -53.939061775570494
2073.0 -54.160907396558024
2074.0 -54.38274960637456
2075.0 -54.60458840410022
2076.0 -54.8264237623399
2077.0 -55.04825573318135
2078.0 -55.27008428922347
2079.0 -55.49190942952784
2080.0 -55.71373113179646
2081.0 -55.93554943796258
2082.0 -56.15736432569742
2083.0 -56.37917578901044
2084.0 -56.60098383712494
2085.0 -56.82278844266964
2086.0 -57.04458964755423
2087.0 -57.266387429469155
2088.0 -57.48818178750511
2089.0 -57.70997269930588
2090.0 -57.93176020178219
2091.0 -58.15354428269698
2092.0 -58.37532493610611
2093.0 -58.5971021610955
2094.0 -58.818875935308206
2095.0 -59.04064630072029
2096.0 -59.26241323498492
2097.0 -59.48417673212986
2098.0 -59.705936779948814
2099.0 -59.927693415322935
2100.0 -60.14944661592391
2101.0 -60.37119638083617
2102.0 -60.592942687729966
2103.0 -60.814685573480425
2104.0 -61.03642502588729
2105.0 -61.25816103897997
2106.0 -61.479893611848944
2107.0 -61.70162272216011
2108.0 -61.92334841187776
2109.0 -62.14507065355628
2110.0 -62.36678945646492
2111.0 -62.58850479317828
2112.0 -62.810216705657986
2113.0 -63.0319251715512
2114.0 -63.25363018996785
2115.0 -63.4753317335107
2116.0 -63.69702985424606
2117.0 -63.918724524766596
2118.0 -64.14041574418704
2119.0 -64.36210349015407
2120.0 -64.58378780461727
2121.0 -64.80546866019723
2122.0 -65.02714606608643
2123.0 -65.24881999490951
2124.0 -65.47049048861007
2125.0 -65.69215752483764
2126.0 -65.91382110270918
2127.0 -66.13548119481223
2128.0 -66.35713785321582
2129.0 -66.57879105052628
2130.0 -66.80044078584534
2131.0 -67.02208703683415
2132.0 -67.24372984543389
2133.0 -67.46536918426077
2134.0 -67.68700506251137
2135.0 -67.90863745281371
2136.0 -68.13026639710344
2137.0 -68.35189187303445
2138.0 -68.57351387467685
2139.0 -68.79513238978343
2140.0 -69.01674745523343
2141.0 -69.23835904872476
2142.0 -69.4599671693327
2143.0 -69.68157179473135
2144.0 -69.90317296180092
2145.0 -70.12477065832499
2146.0 -70.34636486510456
2147.0 -70.56795559951688
2148.0 -70.78954286380262
2149.0 -71.01112664381394
2150.0 -71.23270692730745
2151.0 -71.45428375119225
2152.0 -71.67585709311692
2153.0 -71.89742695220293
2154.0 -72.11899330104823
2155.0 -72.3405561917023
2156.0 -72.56211559677297
2157.0 -72.78367151537013
2158.0 -73.00522392516599
2159.0 -73.22677286302917
2160.0 -73.44831831674304
2161.0 -73.66986025893969
2162.0 -73.89139873152855
2163.0 -74.11293371221863
2164.0 -74.33446519501985
2165.0 -74.55599316772545
2166.0 -74.77751766720911
2167.0 -74.99903867113846
2168.0 -75.22055615721668
2169.0 -75.44207016229485
2170.0 -75.6635806741602
2171.0 -75.88508768686309
2172.0 -76.10659117806823
2173.0 -76.32809118970623
2174.0 -76.54958769440051
2175.0 -76.77108070135444
2176.0 -76.99257018319716
2177.0 -77.21405618185092
2178.0 -77.43553867497342
2179.0 -77.6570176352271
2180.0 -77.87849311461498
2181.0 -78.09996508576896
2182.0 -78.32143352638573
2183.0 -78.54289847835788
2184.0 -78.76435991433725
2185.0 -78.98581784350355
2186.0 -79.20727223849977
2187.0 -79.42872314123768
2188.0 -79.65017052435857
2189.0 -79.87161437563903
2190.0 -80.09305473193932
2191.0 -80.31449157093805
2192.0 -80.53592489175819
2193.0 -80.7573546670044
2194.0 -80.97878094870936
2195.0 -81.20020370949379
2196.0 -81.42162292704413
2197.0 -81.64303863824414
2198.0 -81.86445083084757
2199.0 -82.08585947750292
2200.0 -82.307264620129
2201.0 -82.5286662364018
2202.0 -82.75006432037559
2203.0 -82.97145885983394
2204.0 -83.1928498916154
2205.0 -83.41423739343718
2206.0 -83.6356213379241
2207.0 -83.85700177709204
2208.0 -84.07837868356124
2209.0 -84.2997520350244
2210.0 -84.52112186835609
2211.0 -84.74248817132961
2212.0 -84.96385091657201
2213.0 -85.18521014602617
2214.0 -85.40656583229674
2215.0 -85.6279179713704
2216.0 -85.8492665755393
2217.0 -86.07061164705931
2218.0 -86.29195317684379
2219.0 -86.51329113751959
2220.0 -86.73462558110053
2221.0 -86.95595648020867
2222.0 -87.17728381255463
2223.0 -87.39860761499165
2224.0 -87.6199278752865
2225.0 -87.84124456610667
2226.0 -88.06255772934976
2227.0 -88.2838673376462
2228.0 -88.50517337878517
2229.0 -88.72647588963717
2230.0 -88.94777484787369
2231.0 -89.16907022615737
2232.0 -89.39036207646215
2233.0 -89.61165037145935
2234.0 -89.83293508881418
2235.0 -90.05421626540102
2236.0 -90.27549388899244
2237.0 -90.49676793223593
2238.0 -90.71803843703344
2239.0 -90.93930537605293
2240.0 -91.16056873702267
2241.0 -91.3818285568503
2242.0 -91.60308481321178
2243.0 -91.82433747876355
2244.0 -92.0455866054733
2245.0 -92.266832165989
2246.0 -92.48807413803746
2247.0 -92.70931255844397
2248.0 -92.93054741499336
2249.0 -93.15177868034706
2250.0 -93.37300639134489
2251.0 -93.59423053579204
2252.0 -93.81545108630212
2253.0 -94.03666808479632
2254.0 -94.25788150393686
2255.0 -94.47909133146882
2256.0 -94.70029760428034
2257.0 -94.92150030004476
2258.0 -95.14269939143728
2259.0 -95.3638949304056
2260.0 -95.58508688962925
2261.0 -95.80627524678783
2262.0 -96.02746003876224
2263.0 -96.2486412532892
2264.0 -96.46981886305589
2265.0 -96.69099290491579
2266.0 -96.91216336661398
2267.0 -97.13333022084298
2268.0 -97.35449350946627
2269.0 -97.57565318378164
2270.0 -97.79680929572451
2271.0 -98.01796181795564
2272.0 -98.23911072316369
2273.0 -98.46025606328067
2274.0 -98.68139781098037
2275.0 -98.90253594397487
2276.0 -99.12367049909818
2277.0 -99.34480146413556
2278.0 -99.56592881174369
2279.0 -99.78705258380116
2280.0 -100.00817275299518
2281.0 -100.22928930707738
2282.0 -100.4504022828988
2283.0 -100.67151163175126
2284.0 -100.89261740556005
2285.0 -101.11371957701527
2286.0 -101.33481812381078
2287.0 -101.55591308279618
2288.0 -101.77700444174423
2289.0 -101.99809217331763
2290.0 -102.21917631437223
2291.0 -102.44025685267263
2292.0 -102.66133376087983
2293.0 -102.88240707587059
2294.0 -103.10347676399634
2295.0 -103.32454286209874
2296.0 -103.54560534791203
2297.0 -103.7666641940876
2298.0 -103.98771945257553
2299.0 -104.20877109604064
2300.0 -104.42981909716487
2301.0 -104.65086350788387
2302.0 -104.87190427948441
2303.0 -105.09294144882425
2304.0 -105.31397500363555
2305.0 -105.53500491662858
2306.0 -105.75603122966534
2307.0 -105.97705391543744
2308.0 -106.19807296167934
2309.0 -106.41908840526642
2310.0 -106.64010019748518
2311.0 -106.86110839024337
2312.0 -107.08211295623786
2313.0 -107.30311386816255
2314.0 -107.52411117790982
2315.0 -107.74510484498342
2316.0 -107.96609488669154
2317.0 -108.18708130028966
2318.0 -108.40806406533234
2319.0 -108.62904321867519
2320.0 -108.85001873298934
2321.0 -109.07099059605451
2322.0 -109.29195884470542
2323.0 -109.5129234302507
2324.0 -109.73388440457425
2325.0 -109.95484174039969
2326.0 -110.17579541040213
2327.0 -110.39674546649225
2328.0 -110.6176918599813
2329.0 -110.8386346277139
2330.0 -111.05957375742886
2331.0 -111.28050922184273
2332.0 -111.50144105777196
2333.0 -111.72236923161124
2334.0 -111.94329378018827
2335.0 -112.16421467620589
2336.0 -112.38513190741283
2337.0 -112.60604551065416
2338.0 -112.82695544225808
2339.0 -113.04786173908292
2340.0 -113.26876438884851
2341.0 -113.48966336428609
2342.0 -113.71055870220701
2343.0 -113.93145036901342
2344.0 -114.15233840152271
2345.0 -114.37322277243484
2346.0 -114.59410346952593
2347.0 -114.8149805295951
2348.0 -115.03585390400609
2349.0 -115.25672364461823
2350.0 -115.47758972415012
2351.0 -115.6984521152867
2352.0 -115.91931086992133
2353.0 -116.14016593938912
2354.0 -116.36101736052335
2355.0 -116.5818651210592
2356.0 -116.8027091937152
2357.0 -117.02354961533447
2358.0 -117.24438635228016
2359.0 -117.46521943636833
2360.0 -117.68604883399102
2361.0 -117.90687458196489
2362.0 -118.12769665300503
2363.0 -118.3485150348626
2364.0 -118.56932976436167
2365.0 -118.79014079284967
2366.0 -119.01094817218666
2367.0 -119.23175185372465
2368.0 -119.4525518742865
2369.0 -119.67334822162647
2370.0 -119.89414086844046
2371.0 -120.11492985157759
2372.0 -120.33571513742096
2373.0 -120.55649676276707
2374.0 -120.77727470036037
2375.0 -120.99804893794331
2376.0 -121.2188195123328
2377.0 -121.4395863748969
2378.0 -121.66034957747506
2379.0 -121.88110907142473
2380.0 -122.10186489355944
2381.0 -122.32261701846033
2382.0 -122.54336545337932
2383.0 -122.76411021062682
2384.0 -122.98485125473252
2385.0 -123.20558862251566
2386.0 -123.42632228036473
2387.0 -123.64705226509683
2388.0 -123.86777852807427
2389.0 -124.08850112115236
2390.0 -124.30922001703274
2391.0 -124.52993518845602
2392.0 -124.75064668725874
2393.0 -124.97135445979177
2394.0 -125.19205855791883
2395.0 -125.41275893297406
2396.0 -125.63345562178948
2397.0 -125.85414859074373
2398.0 -126.07483787667003
2399.0 -126.29552345228856
2400.0 -126.5162053053338
2401.0 -126.7368834726287
2402.0 -126.95755790555938
2403.0 -127.17822865593061
2404.0 -127.39889567014495
2405.0 -127.61955899999734
2406.0 -127.84021859686668
2407.0 -128.06087449758692
2408.0 -128.28152668988878
2409.0 -128.50217514648946
2410.0 -128.7228199042514
2411.0 -128.94346092951997
2412.0 -129.16409825411165
2413.0 -129.3847318444243
2414.0 -129.60536173725603
2415.0 -129.82598788402225
2416.0 -130.0466103364937
2417.0 -130.2672290410649
2418.0 -130.48784404957198
2419.0 -130.7084553347495
2420.0 -130.92906286932035
2421.0 -131.14966670511447
2422.0 -131.3702667934815
2423.0 -131.59086317129746
2424.0 -131.811455804895
2425.0 -132.03204472611299
2426.0 -132.25262990130932
2427.0 -132.47321136732856
2428.0 -132.69378907552894
2429.0 -132.91436307774285
2430.0 -133.13493332035125
2431.0 -133.35549985515726
2432.0 -133.5760626549024
2433.0 -133.7966216923459
2434.0 -134.01717701929078
2435.0 -134.23772858210404
2436.0 -134.4582764326179
2437.0 -134.67882052221898
2438.0 -134.89936088771833
2439.0 -135.11989749548522
2440.0 -135.34043038235933
2441.0 -135.56095949969722
2442.0 -135.7814848993383
2443.0 -136.00200652764883
2444.0 -136.22252443644152
2445.0 -136.44303857212188
2446.0 -136.66354898647035
2447.0 -136.88405563090456
2448.0 -137.10455854222863
2449.0 -137.32505768680483
2450.0 -137.54555309647446
2451.0 -137.76604473760233
2452.0 -137.98653264701738
2453.0 -138.20701679746722
2454.0 -138.42749717666982
2455.0 -138.64797381645144
2456.0 -138.86844668320208
2457.0 -139.08891581370779
2458.0 -139.309381159416
2459.0 -139.52984277207574
2460.0 -139.75030059809677
2461.0 -139.97075468929737
2462.0 -140.1912049970487
2463.0 -140.41165155819294
2464.0 -140.63209433908293
2465.0 -140.85253337154936
2466.0 -141.07296862196287
2467.0 -141.29340012216502
2468.0 -141.51382783851028
2469.0 -141.7342518078149
2470.0 -141.95467198149714
2471.0 -142.17508841132744
2472.0 -142.39550104374132
2473.0 -142.6159099305005
2474.0 -142.8363150230113
2475.0 -143.05671635810603
2476.0 -143.27711390214637
2477.0 -143.49750768695156
2478.0 -143.7178976789059
2479.0 -143.9382839098372
2480.0 -144.1586663461077
2481.0 -144.37904502454396
2482.0 -144.59941989654357
2483.0 -144.81979101389427
2484.0 -145.0401583230239
2485.0 -145.2605218756749
2486.0 -145.48088161832302
2487.0 -145.7012376026898
2488.0 -145.92158978023372
2489.0 -146.1419381877388
2490.0 -146.3622827915835
2491.0 -146.58262362360782
2492.0 -146.80296065017652
2493.0 -147.02329390310877
2494.0 -147.24362334880098
2495.0 -147.4639490190408
2496.0 -147.68427088023876
2497.0 -147.90458896918483
2498.0 -148.12490323731376
2499.0 -148.34521373635857
2500.0 -148.5655204128097
2501.0 -148.78582329703417
2502.0 -149.0061223995402
2503.0 -149.22641768668612
2504.0 -149.4467091903034
2505.0 -149.66699687676652
2506.0 -149.88728078288173
2507.0 -150.10756086007854
2508.0 -150.3278371601162
2509.0 -150.54810962943677
2510.0 -150.7683783197904
2511.0 -150.9886431776264
2512.0 -151.20890425469196
2513.0 -151.4291614974624
2514.0 -151.64941495765245
2515.0 -151.86966458670918
2516.0 -152.08991042145954
2517.0 -152.31015242825103
2518.0 -152.5303906389111
2519.0 -152.75062501982876
2520.0 -152.97085560281994
2521.0 -153.19108235427473
2522.0 -153.41130528465342
2523.0 -153.63152442436422
2524.0 -153.85173971988573
2525.0 -154.07195122294038
2526.0 -154.29215888496034
2527.0 -154.51236274276923
2528.0 -154.73256276273784
2529.0 -154.9527589766859
2530.0 -155.1729513509987
2531.0 -155.39313991748574
2532.0 -155.61332464253164
2533.0 -155.83350555797222
2534.0 -156.05368263016572
2535.0 -156.27385586962
2536.0 -156.49402530670395
2537.0 -156.71419088790626
2538.0 -156.93435266494512
2539.0 -157.15451058430997
2540.0 -157.37466469768745
2541.0 -157.5948149565862
2542.0 -157.8149613977691
2543.0 -158.03510398761244
2544.0 -158.255242757963
2545.0 -158.47537767518148
2546.0 -158.69550874977406
2547.0 -158.91563601209972
2548.0 -159.13575940865786
2549.0 -159.35587899116027
2550.0 -159.57599470609767
2551.0 -159.79610660517662
2552.0 -160.01621463489846
2553.0 -160.23631884695646
2554.0 -160.45641918786683
2555.0 -160.6765156879963
2556.0 -160.89660835782834
2557.0 -161.11669716374226
2558.0 -161.33678213758148
2559.0 -161.5568632456952
2560.0 -161.77694051994337
2561.0 -161.99701392665847
2562.0 -162.21708349770788
2563.0 -162.43714919944802
2564.0 -162.65721104734166
2565.0 -162.87726905685372
2566.0 -163.0973231943786
2567.0 -163.31737349170805
2568.0 -163.53741991526013
2569.0 -163.757462496826
2570.0 -163.9775012027966
2571.0 -164.19753605186173
2572.0 -164.41756704981754
2573.0 -164.63759416774167
2574.0 -164.857617449123
2575.0 -165.07763684049579
2576.0 -165.29765239353193
2577.0 -165.51766405475917
2578.0 -165.73767187584198
2579.0 -165.95767580334248
2580.0 -166.1776758675757
2581.0 -166.3976720790537
2582.0 -166.61766440416184
2583.0 -166.8376528747217
2584.0 -167.05763745710627
2585.0 -167.27761816182448
2586.0 -167.4975950192234
2587.0 -167.71756797583123
2588.0 -167.93753708332807
2589.0 -168.15750228823657
2590.0 -168.37746364222585
2591.0 -168.59742109184407
2592.0 -168.81737466742953
2593.0 -169.03732437947275
2594.0 -169.2572701943864
2595.0 -169.47721214395693
2596.0 -169.69715019458965
2597.0 -169.91708437810343
2598.0 -170.13701466086775
2599.0 -170.3569410533968
2600.0 -170.57686358601921
2601.0 -170.79678220529883
2602.0 -171.0166969579305
2603.0 -171.2366078053222
2604.0 -171.45651475798306
2605.0 -171.67641784626048
2606.0 -171.89631701670473
2607.0 -172.11621232095325
2608.0 -172.33610370557486
2609.0 -172.5559912008945
2610.0 -172.77587481742128
2611.0 -172.99575452153584
2612.0 -173.21563034506005
2613.0 -173.43550225438204
2614.0 -173.655370260005
2615.0 -173.87523439225245
2616.0 -174.0950945976953
2617.0 -174.31495092797022
2618.0 -174.534803329634
2619.0 -174.75465183302455
2620.0 -174.97449644865972
2621.0 -175.19433714289042
2622.0 -175.41417394756678
2623.0 -175.63400682905544
2624.0 -175.85383579787782
2625.0 -176.07366087939928
2626.0 -176.29348203503397
2627.0 -176.51329929664942
2628.0 -176.73311263057312
2629.0 -176.9529220473439
2630.0 -177.17272757727343
2631.0 -177.39252916695796
2632.0 -177.6123268679877
2633.0 -177.83212062696796
2634.0 -178.05191047421633
2635.0 -178.27169642023443
2636.0 -178.49147843140136
2637.0 -178.7112565395449
2638.0 -178.9310307061095
2639.0 -179.15080095645283
2640.0 -179.37056730107832
2641.0 -179.59032970636864
2642.0 -179.8100881828462
2643.0 -180.02984276080895
2644.0 -180.24959338686975
2645.0 -180.469340112632
2646.0 -180.68908288466602
2647.0 -180.90882173330394
2648.0 -181.12855666906256
2649.0 -181.34828765830443
2650.0 -181.56801471156922
2651.0 -181.7877378541998
2652.0 -182.00745704763278
2653.0 -182.22717232369772
2654.0 -182.44688364876166
2655.0 -182.66659103337054
2656.0 -182.88629450780647
2657.0 -183.10599401866546
2658.0 -183.3256895962515
2659.0 -183.54538125110102
2660.0 -183.7650689446253
2661.0 -183.9847527235064
2662.0 -184.2044325343278
2663.0 -184.42410840739146
2664.0 -184.6437803532382
2665.0 -184.8634483382283
2666.0 -185.08311237286892
2667.0 -185.3027724874968
2668.0 -185.52242862868692
2669.0 -185.74208082998496
2670.0 -185.96172909219572
2671.0 -186.18137338646875
2672.0 -186.40101375622723
2673.0 -186.62065014807519
2674.0 -186.84028259230286
2675.0 -187.05991109944566
2676.0 -187.2795356309371
2677.0 -187.4991562121097
2678.0 -187.71877285351712
2679.0 -187.9383855215141
2680.0 -188.1579942266291
2681.0 -188.37759899917208
2682.0 -188.5971997857461
2683.0 -188.81679663298178
2684.0 -189.03638950234375
2685.0 -189.25597840435393
2686.0 -189.47556336928957
2687.0 -189.69514434378286
2688.0 -189.91472135810736
2689.0 -190.13429442279758
2690.0 -190.35386349928922
2691.0 -190.57342861292534
2692.0 -190.79298977423866
2693.0 -191.01254694961432
2694.0 -191.2321001495564
2695.0 -191.45164940437442
2696.0 -191.67119466069587
2697.0 -191.89073594382043
2698.0 -192.11027327914326
2699.0 -192.32980661326636
2700.0 -192.54933597647053
2701.0 -192.76886137928116
2702.0 -192.9883827831581
2703.0 -193.20790021342808
2704.0 -193.42741368062565
2705.0 -193.6469231511216
2706.0 -193.86642863546396
2707.0 -194.0859301639115
2708.0 -194.30542768311258
2709.0 -194.5249212183952
2710.0 -194.74441079510058
2711.0 -194.96389635987168
2712.0 -195.18337794296338
2713.0 -195.4028555549438
2714.0 -195.6223291572096
2715.0 -195.84179877514518
2716.0 -196.0612644192559
2717.0 -196.28072605591228
2718.0 -196.50018369568264
2719.0 -196.71963736387173
2720.0 -196.93908702193733
2721.0 -197.15853268040308
2722.0 -197.37797436954304
2723.0 -197.5974120360138
2724.0 -197.81684570513676
2725.0 -198.036275402243
2726.0 -198.25570107400176
2727.0 -198.47512275065432
2728.0 -198.6945404427367
2729.0 -198.91395411171527
2730.0 -199.13336378290197
2731.0 -199.35276946684675
2732.0 -199.5721711299083
2733.0 -199.79156878265204
2734.0 -200.01096245039386
2735.0 -200.23035209457836
2736.0 -200.4497377257508
2737.0 -200.6691193741604
2738.0 -200.88849698647235
2739.0 -201.1078705880257
2740.0 -201.32724020411686
2741.0 -201.54660578144794
2742.0 -201.76596734531145
2743.0 -201.98532489974875
2744.0 -202.2046784553122
2745.0 -202.42402797836866
2746.0 -202.6433734794766
2747.0 -202.86271498393774
2748.0 -203.08205245321275
2749.0 -203.30138589783922
2750.0 -203.52071534807402
2751.0 -203.74004075058363
2752.0 -203.95936213069282
2753.0 -204.1786795137185
2754.0 -204.39799284633725
2755.0 -204.61730215386953
2756.0 -204.83660744034844
2757.0 -205.05590871632424
2758.0 -205.27520594814916
2759.0 -205.4944991463996
2760.0 -205.71378833637274
2761.0 -205.93307347953387
2762.0 -206.15235458642903
2763.0 -206.37163168236103
2764.0 -206.5909047288024
2765.0 -206.8101737362855
2766.0 -207.0294387137623
2767.0 -207.24869967179214
2768.0 -207.46795657182753
2769.0 -207.6872094391634
2770.0 -207.90645828437465
2771.0 -208.12570306890132
2772.0 -208.34494381804575
2773.0 -208.56418052110388
2774.0 -208.78341320335795
2775.0 -209.00264182628354
2776.0 -209.22186640042597
2777.0 -209.44108695600346
2778.0 -209.66030343971758
2779.0 -209.87951587689088
2780.0 -210.09872427153715
2781.0 -210.31792863421327
2782.0 -210.53712892638666
2783.0 -210.75632517334722
2784.0 -210.97551738564167
2785.0 -211.19470552475215
2786.0 -211.4138896159722
2787.0 -211.6330696485748
2788.0 -211.85224564787103
2789.0 -212.0714175753077
2790.0 -212.29058544144857
2791.0 -212.50974927651296
2792.0 -212.72890902719985
2793.0 -212.94806471883695
2794.0 -213.16721635544067
2795.0 -213.38636394754022
2796.0 -213.60550745663
2797.0 -213.82464690799483
2798.0 -214.04378229091375
2799.0 -214.26291363067074
2800.0 -214.4820408887666
2801.0 -214.70116407571825
2802.0 -214.92028321686468
2803.0 -215.13939827363964
2804.0 -215.35850925660668
2805.0 -215.57761616978715
2806.0 -215.7967190384728
2807.0 -216.0158178094026
2808.0 -216.23491250786861
2809.0 -216.4540031378883
2810.0 -216.67308971000713
2811.0 -216.89217218571233
2812.0 -217.1112505902964
2813.0 -217.3303249130286
2814.0 -217.549395179211
2815.0 -217.76846135030564
2816.0 -217.98752343687943
2817.0 -218.2065814642289
2818.0 -218.4256353938088
2819.0 -218.64468523618325
2820.0 -218.8637309953795
2821.0 -219.082772696684
2822.0 -219.30181028682884
2823.0 -219.52084379110846
2824.0 -219.73987321353232
2825.0 -219.95889856467963
2826.0 -220.1779198060089
2827.0 -220.39693696281276
2828.0 -220.6159500243712
2829.0 -220.83495901597942
2830.0 -221.05396389911664
2831.0 -221.27296468432792
2832.0 -221.49196137564368
2833.0 -221.71095399834175
2834.0 -221.92994249917152
2835.0 -222.14892690343598
2836.0 -222.3679072151195
2837.0 -222.58688344480646
2838.0 -222.8058555539632
2839.0 -223.02482356786106
2840.0 -223.24378747584237
2841.0 -223.4627473031388
2842.0 -223.6817030112378
2843.0 -223.90065461071802
2844.0 -224.11960210558743
2845.0 -224.3385455031266
2846.0 -224.5574848040676
2847.0 -224.77641997973492
2848.0 -224.99535104722344
2849.0 -225.21427801053102
2850.0 -225.43320088023373
2851.0 -225.65211961779139
2852.0 -225.87103424852558
2853.0 -226.08994476170028
2854.0 -226.30885118259877
2855.0 -226.52775347270068
2856.0 -226.74665164258394
2857.0 -226.96554569623905
2858.0 -227.18443565406042
2859.0 -227.40332147751482
2860.0 -227.62220317716793
2861.0 -227.84108075705046
2862.0 -228.05995422115114
2863.0 -228.2788235800329
2864.0 -228.4976887952026
2865.0 -228.71654989191217
2866.0 -228.93540685947113
2867.0 -229.1542597231695
2868.0 -229.37310843956186
2869.0 -229.59195303393693
2870.0 -229.81079349559084
2871.0 -230.02962982855075
2872.0 -230.24846205805395
2873.0 -230.46729013092448
2874.0 -230.6861140724066
2875.0 -230.90493388650947
2876.0 -231.12374958380377
2877.0 -231.3425611257989
2878.0 -231.56136853281706
2879.0 -231.78017180890188
2880.0 -231.99897094335802
2881.0 -232.21776596144807
2882.0 -232.43655682465086
2883.0 -232.65534354356996
2884.0 -232.87412612216275
2885.0 -233.09290455958165
2886.0 -233.3116788810575
2887.0 -233.5304490334027
2888.0 -233.7492150418843
2889.0 -233.9679769105014
2890.0 -234.1867346498308
2891.0 -234.40548822135847
2892.0 -234.62423764545247
2893.0 -234.84298292611084
2894.0 -235.06172405266716
2895.0 -235.2804610503665
2896.0 -235.49919387581167
2897.0 -235.71792255424873
2898.0 -235.936647075023
2899.0 -236.15536744211622
2900.0 -236.37408368078582
2901.0 -236.592795737869
2902.0 -236.81150363858626
2903.0 -237.03020738207547
2904.0 -237.24890697231274
2905.0 -237.46760241988687
2906.0 -237.6862936863071
2907.0 -237.90498079192517
2908.0 -238.12366374072064
2909.0 -238.34234252205707
2910.0 -238.5610171611485
2911.0 -238.77968761951712
2912.0 -238.99835390773526
2913.0 -239.21701602980463
2914.0 -239.4356739848309
2915.0 -239.65432778498686
2916.0 -239.87297741632608
2917.0 -240.0916228648659
2918.0 -240.31026414281524
2919.0 -240.52890125414575
2920.0 -240.74753418819793
2921.0 -240.96616297022433
2922.0 -241.1847875568374
2923.0 -241.40340797325385
2924.0 -241.62202420884637
2925.0 -241.84063626760158
2926.0 -242.05924416985303
2927.0 -242.27784787712793
2928.0 -242.49644740000224
2929.0 -242.71504274246143
2930.0 -242.93363390363567
2931.0 -243.15222088750536
2932.0 -243.37080370464216
2933.0 -243.58938231658675
2934.0 -243.8079567436594
2935.0 -244.0265269898634
2936.0 -244.24509304454537
2937.0 -244.46365491987993
2938.0 -244.68221261166903
2939.0 -244.90076610596466
2940.0 -245.1193154051843
2941.0 -245.3378605133057
2942.0 -245.5564014294431
2943.0 -245.77493817882308
2944.0 -245.99347070832235
2945.0 -246.21199904315992
2946.0 -246.43052318245688
2947.0 -246.64904313019406
2948.0 -246.86755887572545
2949.0 -247.0860704442912
2950.0 -247.30457779249687
2951.0 -247.5230809455898
2952.0 -247.7415798929161
2953.0 -247.96007463845686
2954.0 -248.1785651813433
2955.0 -248.39705154679157
2956.0 -248.61553368165477
2957.0 -248.83401161119698
2958.0 -249.0524853345034
2959.0 -249.27095485556592
2960.0 -249.4894201637486
2961.0 -249.70788126303705
2962.0 -249.92633817376486
2963.0 -250.14479085257716
2964.0 -250.36323932470566
2965.0 -250.58168357949313
2966.0 -250.8001236209455
2967.0 -251.0185594481447
2968.0 -251.23699108632013
2969.0 -251.45541848238238
2970.0 -251.6738416615448
2971.0 -251.89226062289165
2972.0 -252.11067536555507
2973.0 -252.32908589352724
2974.0 -252.5474921961346
2975.0 -252.76589429864129
2976.0 -252.98429215766237
2977.0 -253.20268579841684
2978.0 -253.42107521027918
2979.0 -253.63946039722288
2980.0 -253.85784135836073
2981.0 -254.0762180928048
2982.0 -254.2945906257692
2983.0 -254.51295890415076
2984.0 -254.7313229531843
2985.0 -254.9496827719571
2986.0 -255.16803836445504
2987.0 -255.3863897200571
2988.0 -255.60473684273495
2989.0 -255.8230797528388
2990.0 -256.0414184070068
2991.0 -256.25975283046165
2992.0 -256.47808301256237
2993.0 -256.69640895729515
2994.0 -256.9147306637775
2995.0 -257.1330481311204
2996.0 -257.3513613845021
2997.0 -257.56967037088174
2998.0 -257.7879751154431
