0.0 396.81896913134335
1.0 396.5876546145338
2.0 396.3563416697346
3.0 396.1250303086385
4.0 395.8937205051122
5.0 395.6624122982005
6.0 395.43110567787295
7.0 395.19980063971406
8.0 394.96849717932645
9.0 394.73719528664043
10.0 394.50589500075614
11.0 394.2745962955065
12.0 394.0432991825858
13.0 393.8120036522265
14.0 393.5807097079204
15.0 393.3494173480944
16.0 393.1181265872565
17.0 392.8868374235332
18.0 392.65554985252487
19.0 392.42426386983
20.0 392.19297946539626
21.0 391.9616966782945
22.0 391.73041548237245
23.0 391.4991358893195
24.0 391.26785789472393
25.0 391.03658149420085
26.0 390.8053066776951
27.0 390.57403348425055
28.0 390.3427618877518
29.0 390.11149189987316
30.0 389.88022351084805
31.0 389.6489567323568
32.0 389.41769153826334
33.0 389.1864279676346
34.0 388.9551660104186
35.0 388.7239056622083
36.0 388.4926469186066
37.0 388.26138979128285
38.0 388.03013425411797
39.0 387.79888034616897
40.0 387.5676280573684
41.0 387.33637738332845
42.0 387.1051283196429
43.0 386.8738808779905
44.0 386.6426350322496
45.0 386.4113908214657
46.0 386.1801482355858
47.0 385.94890727020976
48.0 385.71766792095247
49.0 385.4864301994656
50.0 385.25519407963776
51.0 385.02395960051666
52.0 384.79272675205607
53.0 384.5614955298424
54.0 384.3302659294915
55.0 384.09903796266553
56.0 383.86781162497243
57.0 383.6365868902855
58.0 383.4053638137196
59.0 383.1741423691679
60.0 382.94292255222945
61.0 382.71170437455135
62.0 382.48048783176137
63.0 382.24927291945517
64.0 382.01805962757186
65.0 381.78684799516327
66.0 381.55563799611866
67.0 381.32442964209156
68.0 381.09322292868717
69.0 380.8620178515201
70.0 380.6308144222497
71.0 380.39961261475634
72.0 380.168412473437
73.0 379.93721397219775
74.0 379.70601712268115
75.0 379.4748219204906
76.0 379.24362836124277
77.0 379.0124364566004
78.0 378.7812461804377
79.0 378.550057571812
80.0 378.318870620657
81.0 378.0876853225928
82.0 377.8565016732014
83.0 377.62531968416823
84.0 377.3941393510873
85.0 377.1629606695714
86.0 376.9317836295408
87.0 376.70060827007836
88.0 376.4694345703829
89.0 376.238262526099
90.0 376.00709214885495
91.0 375.77592343427364
92.0 375.54475637795366
93.0 375.31359099156623
94.0 375.0824272489874
95.0 374.8512651892731
96.0 374.620104802358
97.0 374.38894608384385
98.0 374.1577890346917
99.0 373.9266336505118
100.0 373.6954799429759
101.0 373.4643279076524
102.0 373.233177518478
103.0 373.0020288305083
104.0 372.7708818176531
105.0 372.5397364755241
106.0 372.3085928157528
107.0 372.0774508339716
108.0 371.8463105311408
109.0 371.61517190286094
110.0 371.3840349607722
111.0 371.1528996787909
112.0 370.9217660959409
113.0 370.6906342021814
114.0 370.45950399309
115.0 370.2283754696547
116.0 369.99724862747485
117.0 369.7661234782016
118.0 369.5350000174367
119.0 369.3038782408133
120.0 369.07275815995337
121.0 368.84163974877185
122.0 368.61052305166254
123.0 368.37940801494557
124.0 368.14829470540883
125.0 367.9171830910799
126.0 367.68607317292884
127.0 367.4549649465644
128.0 367.2238584236482
129.0 366.9927535997634
130.0 366.7616504705568
131.0 366.5305490259432
132.0 366.29944930495793
133.0 366.06835128686487
134.0 365.83725496725685
135.0 365.60616035777934
136.0 365.37506745406233
137.0 365.14397625705647
138.0 364.9128867623761
139.0 364.6817989816539
140.0 364.4507129105244
141.0 364.21962854457786
142.0 363.98854587376223
143.0 363.757464937115
144.0 363.52638571388604
145.0 363.2953081996707
146.0 363.0642324061241
147.0 362.83315832886507
148.0 362.60208596886025
149.0 362.37101532168805
150.0 362.1399463990197
151.0 361.90887919646406
152.0 361.6778137149861
153.0 361.44674995018363
154.0 361.2156879137071
155.0 360.984627579458
156.0 360.75356899182293
157.0 360.5225121246955
158.0 360.29145698973076
159.0 360.06040358253335
160.0 359.8293519040705
161.0 359.59830194994464
162.0 359.36725373179945
163.0 359.13620724525373
164.0 358.90516249126057
165.0 358.6741194654477
166.0 358.44307817943695
167.0 358.21203862885653
168.0 357.9810008146654
169.0 357.7499647107593
170.0 357.51893037219963
171.0 357.28789777291024
172.0 357.05686691382084
173.0 356.8258377905602
174.0 356.5948104147762
175.0 356.363784782062
176.0 356.1327608934007
177.0 355.9017387443972
178.0 355.67071834668735
179.0 355.4396996958894
180.0 355.2086827929543
181.0 354.9776676335096
182.0 354.7466542291967
183.0 354.5156425756123
184.0 354.2846326737276
185.0 354.05362451916574
186.0 353.82261811535477
187.0 353.59161346078815
188.0 353.36061057525075
189.0 353.1296094462184
190.0 352.89861006927634
191.0 352.66761245606443
192.0 352.4366166022054
193.0 352.20562250865976
194.0 351.97463017104064
195.0 351.74363960098157
196.0 351.5126507941123
197.0 351.2816637513659
198.0 351.0506784683822
199.0 350.81969495679095
200.0 350.5887132121934
201.0 350.35773323557345
202.0 350.12675502787084
203.0 349.89577858470403
204.0 349.6648039177209
205.0 349.43383102251187
206.0 349.2028599000645
207.0 348.97189054597703
208.0 348.7409229718941
209.0 348.5099571734286
210.0 348.2789931298327
211.0 348.048030885468
212.0 347.81707041425506
213.0 347.5861117278301
214.0 347.3551548218085
215.0 347.12419969714165
216.0 346.89324635479215
217.0 346.6622947903828
218.0 346.43134501553055
219.0 346.2003970258718
220.0 345.9694508223501
221.0 345.7385064059224
222.0 345.5075637722218
223.0 345.276622932867
224.0 345.0456838834744
225.0 344.81474662500665
226.0 344.58381115308754
227.0 344.3528774793557
228.0 344.1219455994049
229.0 343.89101551419736
230.0 343.66008722471133
231.0 343.42916072655214
232.0 343.19823603134427
233.0 342.967313134725
234.0 342.7363920376304
235.0 342.5054727410234
236.0 342.2745552405279
237.0 342.04363954777153
238.0 341.81272565838145
239.0 341.5818135733052
240.0 341.3509032935002
241.0 341.1199948199172
242.0 340.8890881481928
243.0 340.65818328994106
244.0 340.4272802407971
245.0 340.1963790016915
246.0 339.9654795736147
247.0 339.7345819521598
248.0 339.5036861489771
249.0 339.27279215965643
250.0 339.0418999851785
251.0 338.8110096264948
252.0 338.5801210792179
253.0 338.3492343549967
254.0 338.1183494494246
255.0 337.8874663634782
256.0 337.6565850981095
257.0 337.425705654256
258.0 337.19482802756414
259.0 336.9639522296558
260.0 336.73307825613284
261.0 336.5022061079775
262.0 336.2713357861161
263.0 336.04046728621864
264.0 335.80960061985365
265.0 335.57873578268226
266.0 335.3478727756376
267.0 335.11701159970556
268.0 334.8861522558108
269.0 334.65529473958026
270.0 334.42443906265294
271.0 334.1935852206393
272.0 333.9627332145023
273.0 333.73188304519124
274.0 333.50103471367055
275.0 333.27018821555436
276.0 333.03934356248135
277.0 332.8085007500489
278.0 332.5776597792281
279.0 332.3468206509706
280.0 332.1159833662536
281.0 331.88514792066263
282.0 331.65431432584387
283.0 331.4234825774128
284.0 331.1926526763388
285.0 330.96182462356796
286.0 330.73099842003916
287.0 330.500174061412
288.0 330.26935155926867
289.0 330.03853090927095
290.0 329.8077121123361
291.0 329.57689516944765
292.0 329.3460800815603
293.0 329.11526684428543
294.0 328.88445546924646
295.0 328.6536459520707
296.0 328.42283829371485
297.0 328.19203250864734
298.0 327.9612285789848
299.0 327.7304265028163
300.0 327.49962628395593
301.0 327.2688279340212
302.0 327.03803144864804
303.0 326.80723682878295
304.0 326.5764440753724
305.0 326.34565318939514
306.0 326.11486417179106
307.0 325.88407701819216
308.0 325.6532917402094
309.0 325.42250833346566
310.0 325.1917267989208
311.0 324.9609471375312
312.0 324.7301693502532
313.0 324.499393438043
314.0 324.26861939652605
315.0 324.03784723731025
316.0 323.8070769560391
317.0 323.5763085536506
318.0 323.34554203110764
319.0 323.1147773893685
320.0 322.88401462938634
321.0 322.65325376847795
322.0 322.42249477487513
323.0 322.1917376658901
324.0 321.9609824424852
325.0 321.7302291056195
326.0 321.49947765624586
327.0 321.2687280953079
328.0 321.0379804237825
329.0 320.8072346372819
330.0 320.5764907474197
331.0 320.3457487498223
332.0 320.11500864544735
333.0 319.8842704352573
334.0 319.6535341201989
335.0 319.4227997012443
336.0 319.19206717931166
337.0 318.96133655006724
338.0 318.73060783860353
339.0 318.4998810217442
340.0 318.2691560975666
341.0 318.0384330751968
342.0 317.8077119556212
343.0 317.5769927397654
344.0 317.34627542860255
345.0 317.1155600177647
346.0 316.8848465188479
347.0 316.6541349274797
348.0 316.4234252446282
349.0 316.1927174712528
350.0 315.96201160828963
351.0 315.73130765670203
352.0 315.5006056174363
353.0 315.2699055131786
354.0 315.03920729613264
355.0 314.808510999597
356.0 314.5778166192334
357.0 314.347124155968
358.0 314.1164336107626
359.0 313.88574498458553
360.0 313.65505827838024
361.0 313.4243734931045
362.0 313.1936906297102
363.0 312.9630096838285
364.0 312.73233066707513
365.0 312.50165359675793
366.0 312.2709784304589
367.0 312.04030519081886
368.0 311.80963387879217
369.0 311.57896449533996
370.0 311.34829704141805
371.0 311.1176315179751
372.0 310.8869679259614
373.0 310.6563062610253
374.0 310.42564653475534
375.0 310.1949887427917
376.0 309.96433288607477
377.0 309.73367898727065
378.0 309.5030270039322
379.0 309.2723769587337
380.0 309.0417288525964
381.0 308.8110826864954
382.0 308.58043846138213
383.0 308.34979617821375
384.0 308.1191558326115
385.0 307.8885174361953
386.0 307.6578809845793
387.0 307.42724650042305
388.0 307.19661394129184
389.0 306.96598332982416
390.0 306.7353546669907
391.0 306.5047279537419
392.0 306.2741031910243
393.0 306.0434803798041
394.0 305.8128595210173
395.0 305.5822406156415
396.0 305.35162367281083
397.0 305.12100868529393
398.0 304.8903956458497
399.0 304.65978456363223
400.0 304.4291754395887
401.0 304.1985682746745
402.0 303.9679630698463
403.0 303.7373598260611
404.0 303.50675854426856
405.0 303.27615924711137
406.0 303.0455618921813
407.0 302.8149665020945
408.0 302.58437307784203
409.0 302.3537816150246
410.0 302.1231921252477
411.0 301.8926046041609
412.0 301.6620190527038
413.0 301.4314354718319
414.0 301.20085388419466
415.0 300.9702742473642
416.0 300.7396965839805
417.0 300.5091208950062
418.0 300.27854718139776
419.0 300.04797544409337
420.0 299.81740568408014
421.0 299.58683790227093
422.0 299.356272121347
423.0 299.12570829885834
424.0 298.89514645214314
425.0 298.6645865927874
426.0 298.43402871644264
427.0 298.20347282403156
428.0 297.97291891653504
429.0 297.7423669949073
430.0 297.5118170817779
431.0 297.2812691347201
432.0 297.0507231764068
433.0 296.82017920776394
434.0 296.589637229753
435.0 296.359097243341
436.0 296.1285592494607
437.0 295.8980232707673
438.0 295.6674892648423
439.0 295.4369572543265
440.0 295.20642724016176
441.0 294.9758992233276
442.0 294.7453732047447
443.0 294.51484918539256
444.0 294.28432718259967
445.0 294.0538071645601
446.0 293.8232891486072
447.0 293.59277313569737
448.0 293.36225912678094
449.0 293.1317471228255
450.0 292.9012371247504
451.0 292.6707291552383
452.0 292.44022317185534
453.0 292.2097191972344
454.0 291.9792172323323
455.0 291.7487172781105
456.0 291.51821933550946
457.0 291.2877234271976
458.0 291.05722951071834
459.0 290.8267376087454
460.0 290.5962477222079
461.0 290.3657598520838
462.0 290.13527399929757
463.0 289.9047901648505
464.0 289.67430837132054
465.0 289.44382857633997
466.0 289.21335080252265
467.0 288.98287505084386
468.0 288.7524013222307
469.0 288.5219296176611
470.0 288.29145995976893
471.0 288.06099230612523
472.0 287.8305266793791
473.0 287.60006307517017
474.0 287.3696015050958
475.0 287.1391419647532
476.0 286.90868447681225
477.0 286.6782289988747
478.0 286.4477755535467
479.0 286.2173241417891
480.0 285.98687476456354
481.0 285.75642742281354
482.0 285.52598213919543
483.0 285.29553887126656
484.0 285.06509764170846
485.0 284.8346584514302
486.0 284.60422130140853
487.0 284.3737861925984
488.0 284.14335314761644
489.0 283.9129221240754
490.0 283.6824931446072
491.0 283.4520662101541
492.0 283.2216413216804
493.0 282.99121850181706
494.0 282.7607977081557
495.0 282.5303789633257
496.0 282.29996226828854
497.0 282.069547623999
498.0 281.83913503141383
499.0 281.60872451314975
500.0 281.37831602682144
501.0 281.14790959504654
502.0 280.9175052187874
503.0 280.68710289899104
504.0 280.4567026582977
505.0 280.2263044543051
506.0 279.99590830964485
507.0 279.76551422525245
508.0 279.5351222021182
509.0 279.3047322628286
510.0 279.0743443650183
511.0 278.8439585312966
512.0 278.6135747626333
513.0 278.38319305996015
514.0 278.15281344593495
515.0 277.9224358781447
516.0 277.69206037921316
517.0 277.46168695009294
518.0 277.23131559175783
519.0 277.0009463268192
520.0 276.77057911288864
521.0 276.54021397257486
522.0 276.3098509068637
523.0 276.07948991669497
524.0 275.84913102468533
525.0 275.6187741884488
526.0 275.38841943061635
527.0 275.1580667521295
528.0 274.9277161539582
529.0 274.6973676587177
530.0 274.46702122401854
531.0 274.2366768724862
532.0 274.00633460507265
533.0 273.7759944227338
534.0 273.5456563481093
535.0 273.31532033877176
536.0 273.0849864173836
537.0 272.85465459017684
538.0 272.6243248609991
539.0 272.3939972173114
540.0 272.16367165718856
541.0 271.9333481897739
542.0 271.7030268160047
543.0 271.472707558517
544.0 271.2423903749216
545.0 271.0120752878415
546.0 270.7817622982184
547.0 270.55145140702325
548.0 270.3211426368762
549.0 270.09083594537896
550.0 269.8605313551597
551.0 269.63022886719
552.0 269.399928504062
553.0 269.169630223418
554.0 268.93933404786026
555.0 268.70903997833324
556.0 268.4787480374979
557.0 268.2484581829408
558.0 268.01817043727306
559.0 267.7878848014875
560.0 267.5576012764946
561.0 267.32731988494925
562.0 267.0970405844443
563.0 266.86676339761783
564.0 266.6364883254041
565.0 266.40621539045634
566.0 266.17594455565205
567.0 265.94567583304035
568.0 265.7154092288604
569.0 265.485144765746
570.0 265.2548824012885
571.0 265.0246221581449
572.0 264.7943640372389
573.0 264.56410806120397
574.0 264.3338541876626
575.0 264.1036024392249
576.0 263.87335281683295
577.0 263.64310532147425
578.0 263.41285997573453
579.0 263.182616737259
580.0 262.952375628645
581.0 262.72213665085803
582.0 262.49189982651603
583.0 262.26166511324146
584.0 262.0314325336418
585.0 261.8012020886831
586.0 261.570973806273
587.0 261.3407476334506
588.0 261.11052359811015
589.0 260.88030170122664
590.0 260.65008196540117
591.0 260.4198643482697
592.0 260.18964887243646
593.0 259.9594355605332
594.0 259.7292243701737
595.0 259.49901532397314
596.0 259.2688084228841
597.0 259.0386036895408
598.0 258.80840108155337
599.0 258.5782006215323
600.0 258.34800231044403
601.0 258.11780617619365
602.0 257.8876121658093
603.0 257.6574203072186
604.0 257.4272306013495
605.0 257.19704307085584
606.0 256.9668576733207
607.0 256.73667443139783
608.0 256.5064933460178
609.0 256.2763144397953
610.0 256.0461376703645
611.0 255.8159630603374
612.0 255.5857906323389
613.0 255.3556203439916
614.0 255.12545221788736
615.0 254.89528626030224
616.0 254.6651224832515
617.0 254.43496084966685
618.0 254.20480138213182
619.0 253.97464408165465
620.0 253.7444889707908
621.0 253.51433600720634
622.0 253.28418521349676
623.0 253.0540366122973
624.0 252.82389016120288
625.0 252.5937458828684
626.0 252.36360378349698
627.0 252.13346387515787
628.0 251.90332612073522
629.0 251.67319054288302
630.0 251.44305716417415
631.0 251.2129259422671
632.0 250.982796899763
633.0 250.75267003761098
634.0 250.52254537844166
635.0 250.2924228798635
636.0 250.0623025644998
637.0 249.83218446026774
638.0 249.60206851418783
639.0 249.37195475418415
640.0 249.14184318119817
641.0 248.91173381785896
642.0 248.68162662177897
643.0 248.45152161557849
644.0 248.22141882187688
645.0 247.99131819829674
646.0 247.76121976744426
647.0 247.531123557247
648.0 247.3010295147184
649.0 247.07093766779764
650.0 246.8408480174151
651.0 246.61076058618852
652.0 246.38067533175126
653.0 246.15059227671676
654.0 245.92051144369756
655.0 245.69043279031087
656.0 245.46035633918868
657.0 245.2302821182273
658.0 245.00021007447057
659.0 244.77014023583723
660.0 244.54007260324994
661.0 244.31000719936074
662.0 244.0799439817667
663.0 243.8498829730961
664.0 243.61982419595665
665.0 243.3897676132757
666.0 243.15971323706725
667.0 242.92966109526805
668.0 242.69961114546234
669.0 242.46956341030287
670.0 242.23951791239367
671.0 242.00947460935296
672.0 241.77943352379464
673.0 241.54939467833412
674.0 241.31935803589656
675.0 241.08932360851736
676.0 240.85929140242462
677.0 240.62926144023993
678.0 240.39923367959634
679.0 240.16920814309807
680.0 239.93918485335945
681.0 239.70916376802106
682.0 239.47914491496195
683.0 239.24912830624206
684.0 239.01911390476658
685.0 238.78910173314995
686.0 238.55909181401424
687.0 238.32908410496685
688.0 238.0990786286383
689.0 237.86907541292157
690.0 237.63907440487327
691.0 237.4090756323971
692.0 237.17907911810028
693.0 236.94908481962534
694.0 236.71909275956693
695.0 236.48910296054098
696.0 236.2591153854745
697.0 236.02913004639208
698.0 235.79914697120168
699.0 235.56916611753175
700.0 235.33918750800692
701.0 235.1092111652071
702.0 234.87923704678624
703.0 234.64926517536128
704.0 234.41929557881917
705.0 234.18932820421344
706.0 233.9593630794586
707.0 233.72940022715753
708.0 233.4994396049338
709.0 233.26948123541135
710.0 233.03952514647796
711.0 232.8095712851937
712.0 232.5796196794542
713.0 232.3496703518905
714.0 232.11972326011193
715.0 231.88977844839775
716.0 231.65983587437321
717.0 231.42989556594426
718.0 231.19995753514775
719.0 230.97002174490063
720.0 230.7400882178174
721.0 230.51015697649
722.0 230.28022797857955
723.0 230.05030125195896
724.0 229.8203768086849
725.0 229.59045461165672
726.0 229.36053468351514
727.0 229.13061704683145
728.0 228.9007016592609
729.0 228.6707885621569
730.0 228.44087772717725
731.0 228.21096915762928
732.0 227.9810628843064
733.0 227.75115886485258
734.0 227.52125712187603
735.0 227.29135768325347
736.0 227.06146049608634
737.0 226.83156558823768
738.0 226.6016729823347
739.0 226.37178263600492
740.0 226.14189458531052
741.0 225.9120088177735
742.0 225.68212532082566
743.0 225.4522441305931
744.0 225.22236520467428
745.0 224.9924885657034
746.0 224.762614236258
747.0 224.5327421792904
748.0 224.30287240683515
749.0 224.07300494676662
750.0 223.84313975673723
751.0 223.61327688100536
752.0 223.38341627720297
753.0 223.15355797323733
754.0 222.9237019811335
755.0 222.69384826382077
756.0 222.4639968439038
757.0 222.23414774399453
758.0 222.00430092700128
759.0 221.77445642663116
760.0 221.54461420580813
761.0 221.31477428713816
762.0 221.0849366932234
763.0 220.85510138698103
764.0 220.62526840210109
765.0 220.3954377015496
766.0 220.1656093078879
767.0 219.93578324373385
768.0 219.7059594667251
769.0 219.47613801822106
770.0 219.24631886986555
771.0 219.01650202498914
772.0 218.78668751436138
773.0 218.55687529564298
774.0 218.32706539670465
775.0 218.0972578296042
776.0 217.8674525572606
777.0 217.63764962393506
778.0 217.40784898725187
779.0 217.1780506751309
780.0 216.9482546995763
781.0 216.71846102353774
782.0 216.4886696912715
783.0 216.25888066040739
784.0 216.02909395884208
785.0 215.79930959860056
786.0 215.56952754263938
787.0 215.3397478351708
788.0 215.1099704339013
789.0 214.88019536664143
790.0 214.65042264548927
791.0 214.42065223334455
792.0 214.19088417447358
793.0 213.96111842650708
794.0 213.73135501734527
795.0 213.50159395902617
796.0 213.27183521447085
797.0 213.0420788279344
798.0 212.81232476234885
799.0 212.58257305138653
800.0 212.35282365801845
801.0 212.1230766047967
802.0 211.8933319143646
803.0 211.66358954961265
804.0 211.43384954425423
805.0 211.2041118612245
806.0 210.9743765231219
807.0 210.74464355779827
808.0 210.5149129123806
809.0 210.28518463637977
810.0 210.05545868745742
811.0 209.82573510983806
812.0 209.59601386647495
813.0 209.36629496941663
814.0 209.13657844651857
815.0 208.90686425544854
816.0 208.67715244570712
817.0 208.4474429644496
818.0 208.21773586113179
819.0 207.9880310934448
820.0 207.75832868398305
821.0 207.52862866060775
822.0 207.2989309704393
823.0 207.06923566298326
824.0 206.83954269590674
825.0 206.60985211871585
826.0 206.38016387853264
827.0 206.15047800322697
828.0 205.9207945153744
829.0 205.69111337791975
830.0 205.461434624562
831.0 205.23175821823628
832.0 205.0020842031699
833.0 204.7724125370326
834.0 204.54274324769153
835.0 204.3130763471863
836.0 204.08341179845402
837.0 203.85374964573626
838.0 203.62408985196686
839.0 203.39443245083936
840.0 203.16477740528575
841.0 202.93512475954947
842.0 202.7054744765556
843.0 202.4758265683544
844.0 202.24618106282134
845.0 202.01653791761063
846.0 201.7868971822307
847.0 201.5572588038002
848.0 201.3276228318362
849.0 201.0979892239886
850.0 200.86835802977322
851.0 200.63872919630836
852.0 200.40910275146442
853.0 200.17947871782482
854.0 199.94985705833096
855.0 199.7202378066633
856.0 199.4906209257636
857.0 199.26100645988035
858.0 199.03139437192715
859.0 198.80178469561375
860.0 198.57217739387687
861.0 198.34257251092703
862.0 198.1129700097276
863.0 197.88336992394431
864.0 197.65377221654393
865.0 197.42417691537054
866.0 197.1945840324599
867.0 196.96499353079406
868.0 196.73540545455234
869.0 196.50581976671234
870.0 196.2762365009361
871.0 196.0466556201886
872.0 195.8170771686653
873.0 195.58750110933593
874.0 195.35792747587578
875.0 195.12835623123507
876.0 194.8987874196257
877.0 194.6692210040056
878.0 194.43965701805033
879.0 194.21009542471683
880.0 193.98053625183036
881.0 193.7509795114771
882.0 193.521425166579
883.0 193.29187326136977
884.0 193.06232375876954
885.0 192.83277669249554
886.0 192.6032320254758
887.0 192.37368980193037
888.0 192.14414998481703
889.0 191.9146126078074
890.0 191.68507763385722
891.0 191.45554511243935
892.0 191.2260149907159
893.0 190.99648731816546
894.0 190.76696205246208
895.0 190.53743924310615
896.0 190.3079188372269
897.0 190.07840088431192
898.0 189.8488853473076
899.0 189.6193722599096
900.0 189.38986158506387
901.0 189.16035336696814
902.0 188.93084756859852
903.0 188.70134422360758
904.0 188.47184329497284
905.0 188.24234483214968
906.0 188.0128487823182
907.0 187.78335519492447
908.0 187.55386403293147
909.0 187.32437533005648
910.0 187.09488904919806
911.0 186.8654052345955
912.0 186.6359238491774
913.0 186.40644492666706
914.0 186.1769684299822
915.0 185.94749440859687
916.0 185.71802280969115
917.0 185.48855368272683
918.0 185.25908698538257
919.0 185.02962276714814
920.0 184.80016097516938
921.0 184.57070165893487
922.0 184.34124478138392
923.0 184.11179037620414
924.0 183.8823384063496
925.0 183.65288892127847
926.0 183.42344186818457
927.0 183.19399729648973
928.0 182.96455516920432
929.0 182.73511551996808
930.0 182.505678311748
931.0 182.27624358874493
932.0 182.0468113139185
933.0 181.81738152094402
934.0 181.58795417279188
935.0 181.35852931890778
936.0 181.12910690647078
937.0 180.89968698493942
938.0 180.67026951728425
939.0 180.44085453716573
940.0 180.21144200755398
941.0 179.98203197791116
942.0 179.75262439540015
943.0 179.523219309497
944.0 179.29381668313357
945.0 179.06441655002325
946.0 178.83501887310518
947.0 178.60562370183655
948.0 178.37623098339728
949.0 178.14684076726684
950.0 177.9174530163501
951.0 177.68806776438774
952.0 177.45868499592893
953.0 177.22930469030308
954.0 176.999926896957
955.0 176.77055156309174
956.0 176.5411787381552
957.0 176.31180838509388
958.0 176.0824405376
959.0 175.8530751586367
960.0 175.62371229763772
961.0 175.39435190181607
962.0 175.16499402060316
963.0 174.93563861696083
964.0 174.70628572457204
965.0 174.47693530640268
966.0 174.24758741189
967.0 174.01824200985612
968.0 173.78889908489592
969.0 173.5595586864209
970.0 173.33022076164767
971.0 173.1008853600222
972.0 172.87155244450994
973.0 172.6422220487786
974.0 172.41289414104588
975.0 172.18356875500567
976.0 171.9542458536103
977.0 171.72492548629322
978.0 171.49560762189935
979.0 171.26629224497188
980.0 171.03697940498176
981.0 170.8076690491256
982.0 170.57836122684319
983.0 170.3490559010933
984.0 170.11975310555104
985.0 169.8904528031981
986.0 169.66115504345328
987.0 169.4318597735322
988.0 169.20256704286183
989.0 168.97327683604448
990.0 168.7439891218734
991.0 168.51470394982243
992.0 168.28542128280975
993.0 168.05614115456558
994.0 167.8268635332635
995.0 167.59758845262505
996.0 167.3683158971871
997.0 167.13904585155927
998.0 166.9097783494207
999.0 166.68051335371527
1000.0 166.45125091390224
1001.0 166.22199097717726
1002.0 165.99273359298002
1003.0 165.76347872425472
1004.0 165.53422640471567
1005.0 165.3049766189317
1006.0 165.07572935146044
1007.0 164.84648463601647
1008.0 164.6172424407931
1009.0 164.38800279947142
1010.0 164.15876567503412
1011.0 163.92953111688405
1012.0 163.7002990938823
1013.0 163.47106959057643
1014.0 163.24184265642623
1015.0 163.0126182386351
1016.0 162.7833963918739
1017.0 162.55417706338406
1018.0 162.32496030256982
1019.0 162.0957460940189
1020.0 161.86653440655772
1021.0 161.6373252896435
1022.0 161.4081187061957
1023.0 161.17891468994083
1024.0 160.9497132306645
1025.0 160.72051429724536
1026.0 160.4913179390668
1027.0 160.26212411911916
1028.0 160.0329328710951
1029.0 159.80374415793688
1030.0 159.57455802907003
1031.0 159.34537445334908
1032.0 159.11619342057858
1033.0 158.88701496446356
1034.0 158.65783904795322
1035.0 158.42866572046955
1036.0 158.19949495087047
1037.0 157.97032672895682
1038.0 157.74116108843762
1039.0 157.5119979922545
1040.0 157.28283748984387
1041.0 157.05367955003686
1042.0 156.82452415742952
1043.0 156.595371361416
1044.0 156.36622110924236
1045.0 156.1370734555767
1046.0 155.90792836925226
1047.0 155.6787858348463
1048.0 155.4496459017807
1049.0 155.22050851730583
1050.0 154.99137373604722
1051.0 154.7622415268787
1052.0 154.53311187436245
1053.0 154.30398482793382
1054.0 154.07486033480052
1055.0 153.84573844963626
1056.0 153.61661914129803
1057.0 153.38750239434466
1058.0 153.15838825820035
1059.0 152.92927668010515
1060.0 152.7001677147137
1061.0 152.47106133087527
1062.0 152.24195751315835
1063.0 152.01285631097468
1064.0 151.78375767158633
1065.0 151.55466164962155
1066.0 151.3255682139477
1067.0 151.09647734914614
1068.0 150.86738910459454
1069.0 150.63830344099847
1070.0 150.40922037270707
1071.0 150.18013990888556
1072.0 149.95106202587337
1073.0 149.72198675740398
1074.0 149.492914088036
1075.0 149.26384400233326
1076.0 149.03477653400552
1077.0 148.80571165124485
1078.0 148.57664938774303
1079.0 148.34758972806932
1080.0 148.1185326568098
1081.0 147.8894782076506
1082.0 147.66042637040061
1083.0 147.43137711392916
1084.0 147.20233049287066
1085.0 146.97328645446848
1086.0 146.74424504814232
1087.0 146.5152062584476
1088.0 146.28617005428052
1089.0 146.05713649024213
1090.0 145.82810553522435
1091.0 145.59907717901388
1092.0 145.3700514553292
1093.0 145.14102834052306
1094.0 144.9120078437551
1095.0 144.6829899741624
1096.0 144.45397470810553
1097.0 144.22496207930456
1098.0 143.99595207754507
1099.0 143.76694467172302
1100.0 143.53793991118405
1101.0 143.30893778056227
1102.0 143.07993824869558
1103.0 142.85094137020965
1104.0 142.62194711399607
1105.0 142.3929554698332
1106.0 142.16396647144117
1107.0 141.9349800817821
1108.0 141.7059963502212
1109.0 141.47701524566256
1110.0 141.24803675790042
1111.0 141.01906092062987
1112.0 140.79008772365572
1113.0 140.5611171358576
1114.0 140.33214921184515
1115.0 140.10318392050286
1116.0 139.8742212464075
1117.0 139.6452612389372
1118.0 139.41630386698074
1119.0 139.1873491203299
1120.0 138.9583970326771
1121.0 138.72944759384788
1122.0 138.5005007727021
1123.0 138.27155662386178
1124.0 138.04261511619947
1125.0 137.81367623430097
1126.0 137.58474002754386
1127.0 137.35580645662202
1128.0 137.12687553589964
1129.0 136.8979472745083
1130.0 136.6690216488421
1131.0 136.44009869257263
1132.0 136.21117839552574
1133.0 135.98226072657155
1134.0 135.7533457403173
1135.0 135.52443340565128
1136.0 135.29552370716945
1137.0 135.06661669420444
1138.0 134.83771233569212
1139.0 134.6088106213909
1140.0 134.37991158502012
1141.0 134.1510152163733
1142.0 133.92212148434308
1143.0 133.69323044351265
1144.0 133.46434206278136
1145.0 133.23545634537908
1146.0 133.00657328474767
1147.0 132.7776929109235
1148.0 132.54881520098152
1149.0 132.319940144735
1150.0 132.09106777585447
1151.0 131.8621980789379
1152.0 131.63333103853475
1153.0 131.40446668834676
1154.0 131.17560501817468
1155.0 130.94674599690273
1156.0 130.71788967915379
1157.0 130.48903603378798
1158.0 130.2601850506227
1159.0 130.03133676334525
1160.0 129.80249116174463
1161.0 129.57364821473914
1162.0 129.34480797689037
1163.0 129.11597041712557
1164.0 128.8871355252289
1165.0 128.658303334892
1166.0 128.4294738358993
1167.0 128.2006470105886
1168.0 127.97182287330057
1169.0 127.74300143316243
1170.0 127.51418268816235
1171.0 127.28536660721389
1172.0 127.05655324486682
1173.0 126.82774257005802
1174.0 126.59893457257232
1175.0 126.37012928608941
1176.0 126.14132669520608
1177.0 125.91252678447006
1178.0 125.68372958758722
1179.0 125.45493509434029
1180.0 125.22614329524822
1181.0 124.99735418007957
1182.0 124.76856778255896
1183.0 124.53978409243781
1184.0 124.31100307866403
1185.0 124.08222479578724
1186.0 123.85344921272859
1187.0 123.62467631929128
1188.0 123.39590614913595
1189.0 123.16713869208355
1190.0 122.93837393861675
1191.0 122.70961187854952
1192.0 122.48085254555019
1193.0 122.25209592943376
1194.0 122.02334199909521
1195.0 121.79459080911002
1196.0 121.56584232838938
1197.0 121.33709656831687
1198.0 121.10835349781271
1199.0 120.87961317144699
1200.0 120.6508755581228
1201.0 120.42214064762724
1202.0 120.19340847367867
1203.0 119.96467902603403
1204.0 119.73595229522513
1205.0 119.50722827102234
1206.0 119.2785069871395
1207.0 119.04978843334922
1208.0 118.82107257856212
1209.0 118.59235947736698
1210.0 118.36364910387067
1211.0 118.13494145382526
1212.0 117.90623651701104
1213.0 117.67753432712138
1214.0 117.44883487393342
1215.0 117.22013812637466
1216.0 116.99144413901128
1217.0 116.76275288074787
1218.0 116.53406436297139
1219.0 116.30537855461515
1220.0 116.07669551021516
1221.0 115.84801519870256
1222.0 115.61933763146526
1223.0 115.39066277740308
1224.0 115.16199069108818
1225.0 114.93332134144299
1226.0 114.70465473983597
1227.0 114.47599085521192
1228.0 114.24732974208042
1229.0 114.01867136941159
1230.0 113.79001572697292
1231.0 113.5613628484583
1232.0 113.33271272363838
1233.0 113.10406534826788
1234.0 112.87542069647604
1235.0 112.6467788228107
1236.0 112.41813969619963
1237.0 112.18950332801943
1238.0 111.9608696871988
1239.0 111.73223882828076
1240.0 111.50361072020824
1241.0 111.27498537432317
1242.0 111.04636275959251
1243.0 110.81774293052973
1244.0 110.58912585609069
1245.0 110.36051154762558
1246.0 110.13189997407552
1247.0 109.90329118998268
1248.0 109.674685169477
1249.0 109.446081908331
1250.0 109.2174813962826
1251.0 108.98888366705022
1252.0 108.76028871040499
1253.0 108.53169651687388
1254.0 108.30310707622995
1255.0 108.07452042216848
1256.0 107.84593654447603
1257.0 107.61735543366777
1258.0 107.38877707954178
1259.0 107.16020152096553
1260.0 106.93162873212819
1261.0 106.70305872436114
1262.0 106.47449146663641
1263.0 106.24592701344744
1264.0 106.01736533376916
1265.0 105.78880643894016
1266.0 105.56025029791292
1267.0 105.33169696523028
1268.0 105.1031464150145
1269.0 104.87459864302225
1270.0 104.64605366059617
1271.0 104.41751143670659
1272.0 104.18897202586214
1273.0 103.96043539700986
1274.0 103.73190156149695
1275.0 103.50337048829853
1276.0 103.27484223192401
1277.0 103.04631676651321
1278.0 102.81779408781773
1279.0 102.58927418561566
1280.0 102.36075709359508
1281.0 102.13224280152741
1282.0 101.90373129994656
1283.0 101.67522260022189
1284.0 101.44671667648296
1285.0 101.21821356764772
1286.0 100.98971326347532
1287.0 100.76121575453698
1288.0 100.53272103055572
1289.0 100.3042291252665
1290.0 100.07574002841308
1291.0 99.84725373574655
1292.0 99.61877024300573
1293.0 99.390289539968
1294.0 99.16181166032001
1295.0 98.93333659383725
1296.0 98.70486433105819
1297.0 98.47639488332217
1298.0 98.24792822480103
1299.0 98.01946439438679
1300.0 97.7910033818619
1301.0 97.56254517774514
1302.0 97.33408977182063
1303.0 97.10563719778295
1304.0 96.87718744538883
1305.0 96.64874051039247
1306.0 96.4202963885351
1307.0 96.1918550695845
1308.0 95.96341658722707
1309.0 95.73498093124165
1310.0 95.50654809736561
1311.0 95.27811808133899
1312.0 95.04969087293824
1313.0 94.82126650584998
1314.0 94.59284496984532
1315.0 94.3644262554722
1316.0 94.13601037406463
1317.0 93.90759729978987
1318.0 93.67918707154908
1319.0 93.45077967910886
1320.0 93.22237511300625
1321.0 92.99397338459453
1322.0 92.76557446803494
1323.0 92.53717840222022
1324.0 92.30878517692229
1325.0 92.08039478268486
1326.0 91.85200723083769
1327.0 91.62362250894394
1328.0 91.3952406157459
1329.0 91.16686158115147
1330.0 90.93848538234629
1331.0 90.7101120306384
1332.0 90.48174152179934
1333.0 90.25337382999182
1334.0 90.02500900968884
1335.0 89.79664702987571
1336.0 89.56828790188399
1337.0 89.33993162148235
1338.0 89.11157816281641
1339.0 88.88322758037485
1340.0 88.65487984313327
1341.0 88.42653496244496
1342.0 88.19819293402996
1343.0 87.96985375365406
1344.0 87.74151741106648
1345.0 87.51318393997194
1346.0 87.2848533301336
1347.0 87.05652557729105
1348.0 86.82820067719511
1349.0 86.5998786329905
1350.0 86.37155944342594
1351.0 86.14324312281272
1352.0 85.9149296691017
1353.0 85.68661907286094
1354.0 85.45831134539728
1355.0 85.23000646092832
1356.0 85.00170445829554
1357.0 84.77340532729292
1358.0 84.54510905846017
1359.0 84.3168156631277
1360.0 84.08852513705482
1361.0 83.86023745442343
1362.0 83.63195266967195
1363.0 83.40367075701072
1364.0 83.17539171217565
1365.0 82.94711554650199
1366.0 82.71884225054124
1367.0 82.49057182742628
1368.0 82.26230427593116
1369.0 82.03403961033968
1370.0 81.80577782861857
1371.0 81.57751892652763
1372.0 81.34926289979721
1373.0 81.1210097597609
1374.0 80.89275948061146
1375.0 80.66451210122428
1376.0 80.43626761134024
1377.0 80.20802600155795
1378.0 79.97978728316839
1379.0 79.7515514519443
1380.0 79.52331848206475
1381.0 79.29508842798231
1382.0 79.0668612638782
1383.0 78.83863698551171
1384.0 78.6104156042039
1385.0 78.38219711570147
1386.0 78.15398151574979
1387.0 77.92576879414237
1388.0 77.69755898453215
1389.0 77.46935207668932
1390.0 77.24114806636065
1391.0 77.01294694931887
1392.0 76.78474873685111
1393.0 76.55655342473923
1394.0 76.32836098716693
1395.0 76.10017147857758
1396.0 75.8719848731488
1397.0 75.64380116665652
1398.0 75.4156203703984
1399.0 75.1874424801407
1400.0 74.95926749162993
1401.0 74.7310953946339
1402.0 74.50292622801283
1403.0 74.27475996597539
1404.0 74.04659661983709
1405.0 73.81843618014916
1406.0 73.59027865823892
1407.0 73.36212404986753
1408.0 73.13397235077795
1409.0 72.90582355072614
1410.0 72.677677688601
1411.0 72.44953473857291
1412.0 72.22139471199108
1413.0 71.99325760457796
1414.0 71.76512341210966
1415.0 71.53699214587739
1416.0 71.30886380167051
1417.0 71.08073835364955
1418.0 70.8526158562678
1419.0 70.62449628373248
1420.0 70.39637963176486
1421.0 70.16826591171316
1422.0 69.94015511930778
1423.0 69.71204725030992
1424.0 69.48394231604948
1425.0 69.2558402907015
1426.0 69.02774121314881
1427.0 68.79964507314621
1428.0 68.57155186645153
1429.0 68.34346158881876
1430.0 68.11537425155856
1431.0 67.88728985041433
1432.0 67.65920838117498
1433.0 67.43112985512155
1434.0 67.20305424645841
1435.0 66.97498159407658
1436.0 66.74691188770103
1437.0 66.5188451231062
1438.0 66.29078129605472
1439.0 66.06272041782381
1440.0 65.83466248421274
1441.0 65.60660749613463
1442.0 65.37855544936177
1443.0 65.15050634700154
1444.0 64.92246018783807
1445.0 64.69441698616339
1446.0 64.46637673990787
1447.0 64.23833944485392
1448.0 64.01030509674008
1449.0 63.78227370687949
1450.0 63.55424527102826
1451.0 63.3262197849553
1452.0 63.09819725995518
1453.0 62.87017768359881
1454.0 62.64216105467079
1455.0 62.41414740299576
1456.0 62.186136710982574
1457.0 61.95812897957108
1458.0 61.730124204515754
1459.0 61.50212239712103
1460.0 61.274123553143276
1461.0 61.046127668353094
1462.0 60.818134754046
1463.0 60.59014480599163
1464.0 60.36215781173873
1465.0 60.134173785633685
1466.0 59.90619274194277
1467.0 59.67821466309954
1468.0 59.45023956037336
1469.0 59.222267429526845
1470.0 58.99429827151912
1471.0 58.76633208210295
1472.0 58.53836887258302
1473.0 58.310408638710186
1474.0 58.082451376255506
1475.0 57.85449709650632
1476.0 57.626545787045565
1477.0 57.39859745183053
1478.0 57.17065210515609
1479.0 56.94270974495408
1480.0 56.714770366973454
1481.0 56.48683396702326
1482.0 56.25890055634638
1483.0 56.03097013072971
1484.0 55.80304268594725
1485.0 55.57511823326489
1486.0 55.34719676847537
1487.0 55.11927829249258
1488.0 54.891362801107064
1489.0 54.663450305592214
1490.0 54.435540780176666
1491.0 54.20763426372597
1492.0 53.979730745944636
1493.0 53.75183022264965
1494.0 53.52393269475108
1495.0 53.29603815802767
1496.0 53.06814662376293
1497.0 52.840258087705784
1498.0 52.6123725508298
1499.0 52.38449000888916
1500.0 52.15661047316067
1501.0 51.92873393941754
1502.0 51.70086040341833
1503.0 51.47298987646794
1504.0 51.245122354322056
1505.0 51.01725783792317
1506.0 50.789396301500894
1507.0 50.561537799422865
1508.0 50.3336823058987
1509.0 50.105829821893316
1510.0 49.87798034316042
1511.0 49.6501338809828
1512.0 49.42229043114477
1513.0 49.19444998938538
1514.0 48.96661256701941
1515.0 48.73877815978833
1516.0 48.510946768653184
1517.0 48.283118389381904
1518.0 48.05529303323923
1519.0 47.827470696005605
1520.0 47.59965137862137
1521.0 47.3718350768605
1522.0 47.1440218019877
1523.0 46.91621154979018
1524.0 46.68840432119504
1525.0 46.46060011197479
1526.0 46.23279893341919
1527.0 46.005000759749656
1528.0 45.77720563498347
1529.0 45.549413533350446
1530.0 45.321624466137706
1531.0 45.0938384291139
1532.0 44.866055423211456
1533.0 44.638275444214166
1534.0 44.4104985033851
1535.0 44.18272459650397
1536.0 43.95495372450319
1537.0 43.72718588316778
1538.0 43.49942108375647
1539.0 43.271659322044144
1540.0 43.04390059899019
1541.0 42.81614491033173
1542.0 42.58839226738836
1543.0 42.36064266588592
1544.0 42.13289610679529
1545.0 41.90515258588588
1546.0 41.67741211441591
1547.0 41.449674688170404
1548.0 41.22194030808393
1549.0 40.99420896992925
1550.0 40.76648068497807
1551.0 40.538755449010345
1552.0 40.31103326295561
1553.0 40.08331412259287
1554.0 39.855598039206335
1555.0 39.62788500853894
1556.0 39.40017503154808
1557.0 39.172468104015216
1558.0 38.944764237199266
1559.0 38.717063426869146
1560.0 38.48936567397579
1561.0 38.26167097429627
1562.0 38.03397933908667
1563.0 37.80629076412574
1564.0 37.578605242182306
1565.0 37.35092277719897
1566.0 37.12324338347326
1567.0 36.89556705890045
1568.0 36.66789379929347
1569.0 36.44022360555827
1570.0 36.21255647349336
1571.0 35.984892414360544
1572.0 35.757231423919606
1573.0 35.52957350313279
1574.0 35.30191865292047
1575.0 35.07426686907104
1576.0 34.84661816284273
1577.0 34.61897252999987
1578.0 34.39132997150712
1579.0 34.163690483128796
1580.0 33.93605407613492
1581.0 33.708420746280446
1582.0 33.480790494527376
1583.0 33.25316332180066
1584.0 33.02553922389543
1585.0 32.797918212063664
1586.0 32.57030028206703
1587.0 32.34268543486755
1588.0 32.11507366623604
1589.0 31.88746498742496
1590.0 31.65985939422583
1591.0 31.432256887557823
1592.0 31.2046574683904
1593.0 30.977061132467217
1594.0 30.74946789106429
1595.0 30.521877739974347
1596.0 30.29429068011416
1597.0 30.066706712428896
1598.0 29.83912584603765
1599.0 29.611548073706842
1600.0 29.383973388182913
1601.0 29.156401798586884
1602.0 28.928833305852862
1603.0 28.70126790578607
1604.0 28.47370560961876
1605.0 28.246146413128006
1606.0 28.018590317256816
1607.0 27.791037322956846
1608.0 27.563487426006372
1609.0 27.33594063764607
1610.0 27.10839695365711
1611.0 26.880856374995723
1612.0 26.653318902583496
1613.0 26.425784532205437
1614.0 26.19825327511739
1615.0 25.970725127095946
1616.0 25.743200089090116
1617.0 25.51567816202077
1618.0 25.288159341692168
1619.0 25.060643639330543
1620.0 24.833131050736803
1621.0 24.605621576843113
1622.0 24.378115218592477
1623.0 24.150611971765095
1624.0 23.92311184760116
1625.0 23.695614841880396
1626.0 23.468120955567453
1627.0 23.240630189575505
1628.0 23.01314254484586
1629.0 22.78565801718254
1630.0 22.558176617810098
1631.0 22.330698342505375
1632.0 22.10322319224121
1633.0 21.87575116793244
1634.0 21.648282265361438
1635.0 21.420816495782113
1636.0 21.193353876490875
1637.0 20.965894365389165
1638.0 20.738437984941974
1639.0 20.510984736075926
1640.0 20.283534614584713
1641.0 20.056087631708273
1642.0 19.82864378323259
1643.0 19.60120307009537
1644.0 19.373765493229754
1645.0 19.146331053581374
1646.0 18.91889974694657
1647.0 18.69147158453737
1648.0 18.464046562160455
1649.0 18.236624680751117
1650.0 18.00920594124274
1651.0 17.781790344568925
1652.0 17.55437788654238
1653.0 17.32696857836935
1654.0 17.09956241585243
1655.0 16.872159399936535
1656.0 16.644759544860978
1657.0 16.417362833129868
1658.0 16.18996925746318
1659.0 15.96257883729645
1660.0 15.73519156839161
1661.0 15.507807451717154
1662.0 15.280426488202849
1663.0 15.053048678774134
1664.0 14.825674019232626
1665.0 14.598302520809128
1666.0 14.370934179286978
1667.0 14.143568995611577
1668.0 13.916206970717269
1669.0 13.688848105543439
1670.0 13.461492395884008
1671.0 13.234139852961356
1672.0 13.006790472566529
1673.0 12.77944427714524
1674.0 12.552101224634317
1675.0 12.324761337454223
1676.0 12.097424616561431
1677.0 11.870091057747452
1678.0 11.642760672225767
1679.0 11.415433455805703
1680.0 11.188109409405229
1681.0 10.960788533984191
1682.0 10.733470830461524
1683.0 10.506156299778784
1684.0 10.278844937745532
1685.0 10.051536755547092
1686.0 9.824231770540514
1687.0 9.596929940599335
1688.0 9.369631288187815
1689.0 9.142335814245815
1690.0 8.915043519702142
1691.0 8.687754400366359
1692.0 8.460468467426676
1693.0 8.23318571673116
1694.0 8.005906149164097
1695.0 7.778629765690141
1696.0 7.5513565672510925
1697.0 7.324086554761065
1698.0 7.096819745559788
1699.0 6.869556107807639
1700.0 6.6422956588313475
1701.0 6.415038399563567
1702.0 6.187784330941277
1703.0 5.960533453915898
1704.0 5.733285769401077
1705.0 5.506041278344619
1706.0 5.278799976554653
1707.0 5.051561875220828
1708.0 4.824326970168825
1709.0 4.597095283817196
1710.0 4.369866774106837
1711.0 4.142641463474581
1712.0 3.915419352854757
1713.0 3.688200443187722
1714.0 3.460984730274377
1715.0 3.2337722253320473
1716.0 3.00656292415105
1717.0 2.779356827652002
1718.0 2.552153936800044
1719.0 2.3249542740331997
1720.0 2.0977577972639847
1721.0 1.8705645289345252
1722.0 1.6433744648589461
1723.0 1.4161876162459175
1724.0 1.189003978879259
1725.0 0.9618235537046108
1726.0 0.7346463416522226
1727.0 0.5074723436730323
1728.0 0.2803015607011353
1729.0 0.05313401515916038
1730.0 -0.17403033499586004
1731.0 -0.401191472491101
1732.0 -0.6283493860952739
1733.0 -0.855504080015657
1734.0 -1.082655553324415
1735.0 -1.3098038050617034
1736.0 -1.536948834310027
1737.0 -1.7640906401401109
1738.0 -1.991229200098037
1739.0 -2.21836455624627
1740.0 -2.445496691289601
1741.0 -2.672625594035965
1742.0 -2.8997512686577522
1743.0 -3.1268737142495038
1744.0 -3.353992929835975
1745.0 -3.58110891452518
1746.0 -3.8082216458535845
1747.0 -4.035331165882687
1748.0 -4.26243745218625
1749.0 -4.489540503816456
1750.0 -4.716640319861116
1751.0 -4.943736904494542
1752.0 -5.170830246520332
1753.0 -5.397920350148421
1754.0 -5.625007192912149
1755.0 -5.852090816917762
1756.0 -6.079171199692347
1757.0 -6.306248340314314
1758.0 -6.533322237854869
1759.0 -6.760392891363067
1760.0 -6.987460299920216
1761.0 -7.214524454388921
1762.0 -7.441585362018174
1763.0 -7.668643030083914
1764.0 -7.895697449419146
1765.0 -8.122748619137178
1766.0 -8.349796538271677
1767.0 -8.576841205879878
1768.0 -8.803882621063545
1769.0 -9.03092076134326
1770.0 -9.257955668824309
1771.0 -9.484987321043166
1772.0 -9.712015717061398
1773.0 -9.93904086109014
1774.0 -10.166062741919514
1775.0 -10.3930813637597
1776.0 -10.620096704168573
1777.0 -10.847108805197283
1778.0 -11.074117644432821
1779.0 -11.301123220914636
1780.0 -11.528125533741111
1781.0 -11.755124581932188
1782.0 -11.982120364598286
1783.0 -12.209112859274196
1784.0 -12.436102108026454
1785.0 -12.663088088423303
1786.0 -12.890070799533763
1787.0 -13.117050245542027
1788.0 -13.344026415265882
1789.0 -13.570999291401229
1790.0 -13.797968916003544
1791.0 -14.024935266632395
1792.0 -14.25189834236235
1793.0 -14.478858142255216
1794.0 -14.705814665375705
1795.0 -14.932767897487391
1796.0 -15.15971785605705
1797.0 -15.386664543259663
1798.0 -15.613607949930891
1799.0 -15.8405480751506
1800.0 -16.067484918002013
1801.0 -16.294418477522157
1802.0 -16.521348736425455
1803.0 -16.748275726499557
1804.0 -16.975199430449972
1805.0 -17.20211984734429
1806.0 -17.429036976231085
1807.0 -17.65595081620442
1808.0 -17.882861344807743
1809.0 -18.109768604106154
1810.0 -18.336672571677994
1811.0 -18.56357324656485
1812.0 -18.790470627853097
1813.0 -19.017364714592023
1814.0 -19.244255484371767
1815.0 -19.47114297922253
1816.0 -19.698027176737575
1817.0 -19.924908075964268
1818.0 -20.15178567598706
1819.0 -20.37865995435756
1820.0 -20.605530953136306
1821.0 -20.832398649888642
1822.0 -21.059263048806688
1823.0 -21.286124138717383
1824.0 -21.512981923796257
1825.0 -21.739836381636554
1826.0 -21.96668755426609
1827.0 -22.19353541926729
1828.0 -22.42037997571399
1829.0 -22.64722122264082
1830.0 -22.874059164695645
1831.0 -23.10089378983266
1832.0 -23.327725102665088
1833.0 -23.554553102249443
1834.0 -23.781377787671364
1835.0 -24.00819915798881
1836.0 -24.235017190772176
1837.0 -24.46183192806829
1838.0 -24.688643347448007
1839.0 -24.915451447979184
1840.0 -25.142256228747428
1841.0 -25.369057667298126
1842.0 -25.595855805701195
1843.0 -25.822650621499594
1844.0 -26.049442113790512
1845.0 -26.276230281640085
1846.0 -26.503015102610537
1847.0 -26.729796618734245
1848.0 -26.956574807604458
1849.0 -27.183349668293587
1850.0 -27.410121199854533
1851.0 -27.6368893798731
1852.0 -27.86365425548814
1853.0 -28.090415794062626
1854.0 -28.31717399977736
1855.0 -28.543928871705948
1856.0 -28.77068038740555
1857.0 -28.997428588938394
1858.0 -29.224173453862587
1859.0 -29.450914981256798
1860.0 -29.6776531701874
1861.0 -29.904387998226486
1862.0 -30.131119507411483
1863.0 -30.357847675333236
1864.0 -30.58457250104418
1865.0 -30.811293970327384
1866.0 -31.038012100649624
1867.0 -31.26472689414593
1868.0 -31.491438341701546
1869.0 -31.718146442380924
1870.0 -31.944851173786706
1871.0 -32.1715525779053
1872.0 -32.398250632371614
1873.0 -32.62494533621616
1874.0 -32.8516366885135
1875.0 -33.07832466686581
1876.0 -33.3050093132749
1877.0 -33.53169060533908
1878.0 -33.758368542121836
1879.0 -33.98504310121789
1880.0 -34.21171432464613
1881.0 -34.438382189987536
1882.0 -34.665046696316686
1883.0 -34.891707842683594
1884.0 -35.11836560671064
1885.0 -35.34502003039361
1886.0 -35.57167109131977
1887.0 -35.79831878856727
1888.0 -36.024963099724566
1889.0 -36.251604066787465
1890.0 -36.478241667391316
1891.0 -36.70487590056089
1892.0 -36.93150676537724
1893.0 -37.15813423943628
1894.0 -37.38475836476148
1895.0 -37.61137911892059
1896.0 -37.83799650099346
1897.0 -38.06461048857697
1898.0 -38.29122112368447
1899.0 -38.51782838389311
1900.0 -38.74443226829117
1901.0 -38.971032754454825
1902.0 -39.19762988441451
1903.0 -39.424223635754586
1904.0 -39.6508140075258
1905.0 -39.877400977344514
1906.0 -40.103984587214214
1907.0 -40.3305648147248
1908.0 -40.557141658955885
1909.0 -40.78371509749857
1910.0 -41.01028517235297
1911.0 -41.236851861114516
1912.0 -41.46341516285851
1913.0 -41.68997505517842
1914.0 -41.91653158007128
1915.0 -42.14308471006402
1916.0 -42.36963445439558
1917.0 -42.59618078557079
1918.0 -42.822723745591205
1919.0 -43.049263312045525
1920.0 -43.275799484045365
1921.0 -43.502332239139236
1922.0 -43.72886161935059
1923.0 -43.95538760227414
1924.0 -44.18191018697556
1925.0 -44.40842935106541
1926.0 -44.63494513653613
1927.0 -44.86145752098748
1928.0 -45.08796650349956
1929.0 -45.314472061642746
1930.0 -45.54097423745426
1931.0 -45.767473008504716
1932.0 -45.993968373872306
1933.0 -46.220460311159655
1934.0 -46.44694886236858
1935.0 -46.67343400510077
1936.0 -46.899915738412496
1937.0 -47.12639403990737
1938.0 -47.35286895160404
1939.0 -47.57934045107339
1940.0 -47.805808537410684
1941.0 -48.03227318820099
1942.0 -48.2587344454471
1943.0 -48.485192286744656
1944.0 -48.711646689704494
1945.0 -48.938097691236145
1946.0 -49.164545279099386
1947.0 -49.39098944730584
1948.0 -49.617430173442294
1949.0 -49.8438674994978
1950.0 -50.07030140307836
1951.0 -50.296731883268656
1952.0 -50.523158917646775
1953.0 -50.74958254822898
1954.0 -50.97600275260733
1955.0 -51.20241950838685
1956.0 -51.42883285756263
1957.0 -51.65524277773491
1958.0 -51.88164926798138
1959.0 -52.108052305909744
1960.0 -52.334451933492446
1961.0 -52.56084812834752
1962.0 -52.787240868090876
1963.0 -53.013630194684836
1964.0 -53.2400160806785
1965.0 -53.46639853529926
1966.0 -53.69277753107526
1967.0 -53.919153109985224
1968.0 -54.14552524964044
1969.0 -54.37189392764598
1970.0 -54.598259185996916
1971.0 -54.82462100229058
1972.0 -55.05097937561672
1973.0 -55.27733428354883
1974.0 -55.503685768102955
1975.0 -55.730033806877636
1976.0 -55.95637837747551
1977.0 -56.18271952189669
1978.0 -56.40905721773206
1979.0 -56.63539146406772
1980.0 -56.86172223342148
1981.0 -57.08804957794725
1982.0 -57.31437347016718
1983.0 -57.540693887675
1984.0 -57.767010872498744
1985.0 -57.99332440221124
1986.0 -58.219634454440374
1987.0 -58.44594107116151
1988.0 -58.67224422998545
1989.0 -58.89854392998847
1990.0 -59.12484014877103
1991.0 -59.35113292831039
1992.0 -59.577422246236154
1993.0 -59.80370807506615
1994.0 -60.02999046694895
1995.0 -60.25626939442358
1996.0 -60.482544835076794
1997.0 -60.708816830917364
1998.0 -60.93508535953015
1999.0 -61.16135039856446
2000.0 -61.38761198996484
2001.0 -61.61387011135704
2002.0 -61.84012476181418
2003.0 -62.06637591893649
2004.0 -62.29262362472
2005.0 -62.51886785167966
2006.0 -62.74510858760339
2007.0 -62.971345869384606
2008.0 -63.19757967463605
2009.0 -63.42380998098058
2010.0 -63.65003683038609
2011.0 -63.87626020045375
2012.0 -64.10248006882352
2013.0 -64.32869647746207
2014.0 -64.55490940397785
2015.0 -64.78111882599993
2016.0 -65.00732478041186
2017.0 -65.23352725497826
2018.0 -65.45972622226816
2019.0 -65.68592172422878
2020.0 -65.91211373849114
2021.0 -66.138302242655
2022.0 -66.36448727869548
2023.0 -66.59066882425371
2024.0 -66.8168468569234
2025.0 -67.04302141868452
2026.0 -67.2691924820789
2027.0 -67.49536003486321
2028.0 -67.72152411395182
2029.0 -67.94768469694999
2030.0 -68.17384176148826
2031.0 -68.39999534952132
2032.0 -68.626145438672
2033.0 -68.85229200657061
2034.0 -69.07843509518023
2035.0 -69.30457468211168
2036.0 -69.53071073991768
2037.0 -69.75684332070831
2038.0 -69.98297239703439
2039.0 -70.20909794652644
2040.0 -70.43522001112252
2041.0 -70.66133856847148
2042.0 -70.88745359618532
2043.0 -71.11356513621729
2044.0 -71.33967316620777
2045.0 -71.56577765869577
2046.0 -71.79187866577985
2047.0 -72.01797616004181
2048.0 -72.24407011907107
2049.0 -72.47016058483794
2050.0 -72.69624753496839
2051.0 -72.92233094709609
2052.0 -73.14841086317713
2053.0 -73.37448725574812
2054.0 -73.60056011259363
2055.0 -73.82662947058994
2056.0 -74.0526952941238
2057.0 -74.27875760056499
2058.0 -74.50481639211952
2059.0 -74.73087163821853
2060.0 -74.95692338081376
2061.0 -75.18297159246346
2062.0 -75.40901626095724
2063.0 -75.6350574231469
2064.0 -75.86109505667743
2065.0 -76.0871291391553
2066.0 -76.3131597125739
2067.0 -76.539186754521
2068.0 -76.76521024266702
2069.0 -76.99123021384841
2070.0 -77.21724663441772
2071.0 -77.44325954124477
2072.0 -77.66926891197818
2073.0 -77.89527472422782
2074.0 -78.12127701994805
2075.0 -78.34727577677599
2076.0 -78.5732709672744
2077.0 -78.79926264350912
2078.0 -79.02525077806152
2079.0 -79.25123534856091
2080.0 -79.47721639695477
2081.0 -79.70319387942286
2082.0 -79.92916783791912
2083.0 -80.15513824502202
2084.0 -80.3811050884846
2085.0 -80.60706840517476
2086.0 -80.83302817273915
2087.0 -81.05898436881293
2088.0 -81.28493703533702
2089.0 -81.51088612850205
2090.0 -81.73683168518339
2091.0 -81.962773693168
2092.0 -82.18871212499586
2093.0 -82.41464702261652
2094.0 -82.64057836368585
2095.0 -82.86650612580549
2096.0 -83.09243035094214
2097.0 -83.31835099021653
2098.0 -83.54426809570484
2099.0 -83.77018163997757
2100.0 -83.99609160066359
2101.0 -84.22199801971202
2102.0 -84.44790085331807
2103.0 -84.6738001383607
2104.0 -84.89969586259683
2105.0 -85.12558799860705
2106.0 -85.35147658831809
2107.0 -85.5773615961405
2108.0 -85.8032430394169
2109.0 -86.02912091532644
2110.0 -86.25499520341073
2111.0 -86.48086594056315
2112.0 -86.7067331044015
2113.0 -86.9325966725768
2114.0 -87.15845668702396
2115.0 -87.3843130988909
2116.0 -87.61016596022058
2117.0 -87.83601524360088
2118.0 -88.0618609266859
2119.0 -88.2877030513694
2120.0 -88.51354157390438
2121.0 -88.73937653112716
2122.0 -88.96520791082429
2123.0 -89.1910356855619
2124.0 -89.41685989726268
2125.0 -89.64268050215358
2126.0 -89.86849754216375
2127.0 -90.09431098986992
2128.0 -90.32012083303722
2129.0 -90.54592710851837
2130.0 -90.77172977255186
2131.0 -90.99752886704596
2132.0 -91.22332434823
2133.0 -91.4491162529625
2134.0 -91.674904568997
2135.0 -91.90068926892707
2136.0 -92.12647039468696
2137.0 -92.35224790248148
2138.0 -92.57802182918141
2139.0 -92.80379216254246
2140.0 -93.02955887515174
2141.0 -93.25532200894487
2142.0 -93.48108152013032
2143.0 -93.70683745062036
2144.0 -93.93258977303483
2145.0 -94.15833847508881
2146.0 -94.38408359369225
2147.0 -94.60982508503339
2148.0 -94.83556299104863
2149.0 -95.06129726291182
2150.0 -95.28702795263034
2151.0 -95.51275503280961
2152.0 -95.7384784810994
2153.0 -95.96419833941711
2154.0 -96.18991455893277
2155.0 -96.4156271916631
2156.0 -96.64133618878661
2157.0 -96.8670415922192
2158.0 -97.09274337961934
2159.0 -97.31844152356834
2160.0 -97.54413607609503
2161.0 -97.76982698836676
2162.0 -97.995514302312
2163.0 -98.22119797415408
2164.0 -98.44687804074647
2165.0 -98.6725544898463
2166.0 -98.89822729405803
2167.0 -99.1238964952884
2168.0 -99.34956204978678
2169.0 -99.57522399438447
2170.0 -99.80088229543047
2171.0 -100.02653698979844
2172.0 -100.25218803367947
2173.0 -100.47783546902491
2174.0 -100.70347926843047
2175.0 -100.92911941962973
2176.0 -101.15475595950095
2177.0 -101.3803888442682
2178.0 -101.60601811584182
2179.0 -101.83164372541407
2180.0 -102.05726572498912
2181.0 -102.28288408715967
2182.0 -102.50849878959714
2183.0 -102.73410987418664
2184.0 -102.95971729215265
2185.0 -103.18532109545124
2186.0 -103.41092123531189
2187.0 -103.6365177536231
2188.0 -103.86211060157898
2189.0 -104.08769983117992
2190.0 -104.31328539360244
2191.0 -104.53886733077188
2192.0 -104.76444562034571
2193.0 -104.9900202349238
2194.0 -105.215591226495
2195.0 -105.44115854627385
2196.0 -105.6667222361395
2197.0 -105.89228224730454
2198.0 -106.11783863176238
2199.0 -106.34339134069297
2200.0 -106.56894041601508
2201.0 -106.79448581398528
2202.0 -107.02002757142044
2203.0 -107.24556567609918
2204.0 -107.47110010062056
2205.0 -107.69663088689019
2206.0 -107.92215798610938
2207.0 -108.14768145026603
2208.0 -108.37320123055231
2209.0 -108.59871736887763
2210.0 -108.82422981643684
2211.0 -109.0497386252272
2212.0 -109.27524374643221
2213.0 -109.50074522197671
2214.0 -109.72624300305264
2215.0 -109.9517371416284
2216.0 -110.17722758892596
2217.0 -110.4027143868382
2218.0 -110.62819749161562
2219.0 -110.85367694009942
2220.0 -111.07915272004195
2221.0 -111.30462480406878
2222.0 -111.53009323408646
2223.0 -111.7555579612759
2224.0 -111.98101903762804
2225.0 -112.20647641435508
2226.0 -112.43193013334597
2227.0 -112.65738014581555
2228.0 -112.88282650373574
2229.0 -113.10826915831346
2230.0 -113.33370815144947
2231.0 -113.5591434343554
2232.0 -113.78457505900376
2233.0 -114.01000297660792
2234.0 -114.23542722905515
2235.0 -114.46084776756574
2236.0 -114.68626464410741
2237.0 -114.91167780989498
2238.0 -115.13708730681735
2239.0 -115.36249308610262
2240.0 -115.58789519969336
2241.0 -115.8132935988326
2242.0 -116.03868832539818
2243.0 -116.26407933061938
2244.0 -116.48946666644531
2245.0 -116.71485028410308
2246.0 -116.9402302254797
2247.0 -117.16560644180198
2248.0 -117.3909789850102
2249.0 -117.61634780636342
2250.0 -117.8417129426812
2251.0 -118.0670743603132
2252.0 -118.29243209609581
2253.0 -118.51778610630242
2254.0 -118.743136427775
2255.0 -118.96848302684802
2256.0 -119.1938259403632
2257.0 -119.41916512460334
2258.0 -119.6445006164057
2259.0 -119.86983238208879
2260.0 -120.09516045851926
2261.0 -120.32048480195078
2262.0 -120.54580544924215
2263.0 -120.77112236672448
2264.0 -120.99643559123203
2265.0 -121.22174507401759
2266.0 -121.44705086701057
2267.0 -121.67235292144196
2268.0 -121.89765127921171
2269.0 -122.12294589155198
2270.0 -122.34823681038638
2271.0 -122.57352398696513
2272.0 -122.79880745813205
2273.0 -123.0240871902267
2274.0 -123.24936322008597
2275.0 -123.47463550397941
2276.0 -123.6999040787571
2277.0 -123.92516891076397
2278.0 -124.15043003680941
2279.0 -124.37568741320653
2280.0 -124.60094107677679
2281.0 -124.82619099385788
2282.0 -125.05143720128952
2283.0 -125.27667965031902
2284.0 -125.50191839289454
2285.0 -125.72715338024098
2286.0 -125.95238465423603
2287.0 -126.17761216613223
2288.0 -126.40283596785227
2289.0 -126.62805601064103
2290.0 -126.85327230995922
2291.0 -127.07848489630283
2292.0 -127.30369372095905
2293.0 -127.52889882074865
2294.0 -127.75410016201266
2295.0 -127.97929778158382
2296.0 -128.2044916357647
2297.0 -128.4296817613628
2298.0 -128.654868124741
2299.0 -128.88005076271452
2300.0 -129.10522962656583
2301.0 -129.33040476819568
2302.0 -129.55557613885588
2303.0 -129.78074377540716
2304.0 -130.00590764416287
2305.0 -130.23106776058108
2306.0 -130.45622414513034
2307.0 -130.68137674906242
2308.0 -130.90652562429722
2309.0 -131.13167072207952
2310.0 -131.35681207928255
2311.0 -131.58194966219133
2312.0 -131.80708350768958
2313.0 -132.03221356702122
2314.0 -132.25733989209743
2315.0 -132.48246243417069
2316.0 -132.7075812351125
2317.0 -132.9326962462033
2318.0 -133.1578074979362
2319.0 -133.38291500575818
2320.0 -133.60801872093552
2321.0 -133.83311869538392
2322.0 -134.0582148803529
2323.0 -134.28330731268255
2324.0 -134.50839595873208
2325.0 -134.73348085531134
2326.0 -134.95856195370155
2327.0 -135.18363928440542
2328.0 -135.40871286286637
2329.0 -135.63378264037328
2330.0 -135.8588486687978
2331.0 -136.08391089943203
2332.0 -136.3089693691096
2333.0 -136.5340240441483
2334.0 -136.7590749614023
2335.0 -136.98412207215492
2336.0 -137.20916540686994
2337.0 -137.4342049810276
2338.0 -137.65924075092792
2339.0 -137.8842727533784
2340.0 -138.10930095473054
2341.0 -138.33432539180717
2342.0 -138.55934601590494
2343.0 -138.78436287889878
2344.0 -139.0093759320702
2345.0 -139.23438519087037
2346.0 -139.45939068579176
2347.0 -139.6843923681149
2348.0 -139.9093902746806
2349.0 -140.13438437182617
2350.0 -140.35937469636903
2351.0 -140.58436119960888
2352.0 -140.80934391202035
2353.0 -141.03432284907421
2354.0 -141.25929796204494
2355.0 -141.48426930279817
2356.0 -141.70923682265268
2357.0 -141.93420055842125
2358.0 -142.15916047642907
2359.0 -142.38411658713255
2360.0 -142.60906892099382
2361.0 -142.83401742932293
2362.0 -143.05896214893843
2363.0 -143.28390304618716
2364.0 -143.50884013650122
2365.0 -143.7337734353331
2366.0 -143.95870290902693
2367.0 -144.1836285943922
2368.0 -144.40855044274036
2369.0 -144.6334685059314
2370.0 -144.85838273528012
2371.0 -145.08329314619866
2372.0 -145.30819976920196
2373.0 -145.53310255556534
2374.0 -145.75800154212914
2375.0 -145.9828966952272
2376.0 -146.20778803030703
2377.0 -146.43267556279542
2378.0 -146.65755925906345
2379.0 -146.88243915592173
2380.0 -147.10731520465177
2381.0 -147.3321874357697
2382.0 -147.55705585968536
2383.0 -147.781920442728
2384.0 -148.00678122174097
2385.0 -148.2316381480365
2386.0 -148.45649126025256
2387.0 -148.6813405492878
2388.0 -148.9061859910182
2389.0 -149.13102762908633
2390.0 -149.35586541483505
2391.0 -149.58069937187562
2392.0 -149.80552950610286
2393.0 -150.03035578841343
2394.0 -150.2551782624551
2395.0 -150.47999687953254
2396.0 -150.7048116551155
2397.0 -150.92962261963388
2398.0 -151.15442972443756
2399.0 -151.3792330063343
2400.0 -151.60403243165186
2401.0 -151.82882801585652
2402.0 -152.05361977438653
2403.0 -152.2784076735661
2404.0 -152.5031917452306
2405.0 -152.72797195570848
2406.0 -152.9527483204357
2407.0 -153.17752085487388
2408.0 -153.40228952534986
2409.0 -153.62705436868418
2410.0 -153.85181533620613
2411.0 -154.07657245837615
2412.0 -154.30132574563092
2413.0 -154.52607516431704
2414.0 -154.75082072985504
2415.0 -154.97556245772677
2416.0 -155.20030031423045
2417.0 -155.42503433122084
2418.0 -155.64976447500726
2419.0 -155.8744907610501
2420.0 -156.09921320478995
2421.0 -156.3239317725562
2422.0 -156.54864648800324
2423.0 -156.77335734199275
2424.0 -156.99806432544966
2425.0 -157.22276746197034
2426.0 -157.4474667179223
2427.0 -157.67216210873374
2428.0 -157.8968536498512
2429.0 -158.12154130762434
2430.0 -158.34622509249883
2431.0 -158.57090503490278
2432.0 -158.7955810861916
2433.0 -159.02025328317384
2434.0 -159.24492159218946
2435.0 -159.46958602368457
2436.0 -159.69424660810432
2437.0 -159.918903296783
2438.0 -160.1435561051869
2439.0 -160.36820506373417
2440.0 -160.59285012377168
2441.0 -160.81749132213076
2442.0 -161.04212862512333
2443.0 -161.266762043228
2444.0 -161.49139160686374
2445.0 -161.71601726237907
2446.0 -161.94063904023838
2447.0 -162.16525695583883
2448.0 -162.38987096057505
2449.0 -162.6144810848609
2450.0 -162.83908733915897
2451.0 -163.06368968979262
2452.0 -163.2882881522137
2453.0 -163.51288274186967
2454.0 -163.73747342509245
2455.0 -163.96206022055023
2456.0 -164.18664313407612
2457.0 -164.41122214158818
2458.0 -164.63579727174917
2459.0 -164.86036849085073
2460.0 -165.08493580937508
2461.0 -165.3094992577362
2462.0 -165.5340587873009
2463.0 -165.75861441352032
2464.0 -165.98316616680086
2465.0 -166.2077139935279
2466.0 -166.4322579241191
2467.0 -166.6567979690233
2468.0 -166.8813340945924
2469.0 -167.10586631626202
2470.0 -167.3303946494917
2471.0 -167.5549190605981
2472.0 -167.77943956006524
2473.0 -168.00395617829372
2474.0 -168.22846886665647
2475.0 -168.45297764060075
2476.0 -168.6774825305356
2477.0 -168.90198348285142
2478.0 -169.12648052796789
2479.0 -169.35097367632653
2480.0 -169.5754628942819
2481.0 -169.79994819726994
2482.0 -170.0244296007436
2483.0 -170.24890707105163
2484.0 -170.47338061864042
2485.0 -170.69785027389958
2486.0 -170.92231598327598
2487.0 -171.14677777712723
2488.0 -171.37123567091385
2489.0 -171.59568961602167
2490.0 -171.82013964285673
2491.0 -172.04458576187835
2492.0 -172.26902793942563
2493.0 -172.4934661859674
2494.0 -172.71790053188647
2495.0 -172.94233092360784
2496.0 -173.1667573915149
2497.0 -173.39117995105704
2498.0 -173.61559855363862
2499.0 -173.8400132296325
2500.0 -174.0644239895235
2501.0 -174.28883079965055
2502.0 -174.5132336704645
2503.0 -174.73763263234835
2504.0 -174.96202763176456
2505.0 -175.18641869905653
2506.0 -175.41080582834394
2507.0 -175.63518903506684
2508.0 -175.8595682855677
2509.0 -176.0839435903119
2510.0 -176.3083149796921
2511.0 -176.53268240011954
2512.0 -176.75704588199494
2513.0 -176.98140543577756
2514.0 -177.20576102780183
2515.0 -177.43011267353026
2516.0 -177.6544603883953
2517.0 -177.87880413874962
2518.0 -178.10314393505848
2519.0 -178.3274797863557
2520.0 -178.5518117031042
2521.0 -178.77613965165483
2522.0 -179.00046364248607
2523.0 -179.22478370594848
2524.0 -179.44909978849694
2525.0 -179.6734119205174
2526.0 -179.89772011742414
2527.0 -180.1220243306664
2528.0 -180.34632459060026
2529.0 -180.57062089454018
2530.0 -180.79491324830465
2531.0 -181.01920162289264
2532.0 -181.24348604048117
2533.0 -181.46776651156662
2534.0 -181.69204300246236
2535.0 -181.9163155236559
2536.0 -182.1405841055301
2537.0 -182.36484869450956
2538.0 -182.58910932097106
2539.0 -182.81336597404496
2540.0 -183.03761868409498
2541.0 -183.26186740255457
2542.0 -183.4861121448761
2543.0 -183.71035294139327
2544.0 -183.93458973860209
2545.0 -184.1588225668431
2546.0 -184.3830514152443
2547.0 -184.60727631417862
2548.0 -184.83149721010145
2549.0 -185.05571413337492
2550.0 -185.2799270944729
2551.0 -185.50413605974884
2552.0 -185.72834103966318
2553.0 -185.95254204324615
2554.0 -186.1767390809793
2555.0 -186.40093211918224
2556.0 -186.6251211683702
2557.0 -186.84930625886875
2558.0 -187.07348733715773
2559.0 -187.2976644335832
2560.0 -187.52183753729847
2561.0 -187.74600667864064
2562.0 -187.97017180409316
2563.0 -188.19433294401318
2564.0 -188.4184900925002
2565.0 -188.64264326500071
2566.0 -188.86679242785857
2567.0 -189.09093759157966
2568.0 -189.31507878647417
2569.0 -189.53921595903137
2570.0 -189.76334913962134
2571.0 -189.98747831735884
2572.0 -190.21160352259804
2573.0 -190.43572470184034
2574.0 -190.6598418854142
2575.0 -190.88395506246388
2576.0 -191.10806426333983
2577.0 -191.33216943452527
2578.0 -191.5562706063607
2579.0 -191.78036776800735
2580.0 -192.00446094978957
2581.0 -192.22855009820506
2582.0 -192.4526352435852
2583.0 -192.67671637509548
2584.0 -192.90079352305455
2585.0 -193.12486663398028
2586.0 -193.34893573819636
2587.0 -193.5730008248382
2588.0 -193.79706192427543
2589.0 -194.02111898298867
2590.0 -194.24517203130085
2591.0 -194.4692210665719
2592.0 -194.6932660945736
2593.0 -194.91730708633838
2594.0 -195.141344064049
2595.0 -195.36537702503094
2596.0 -195.58940597505003
2597.0 -195.81343088517903
2598.0 -196.03745177756107
2599.0 -196.26146864134068
2600.0 -196.4854815068752
2601.0 -196.70949032063876
2602.0 -196.9334951080105
2603.0 -197.157495873042
2604.0 -197.3814926262119
2605.0 -197.60548533386233
2606.0 -197.82947400648553
2607.0 -198.05345865308962
2608.0 -198.2774392841364
2609.0 -198.50141586599835
2610.0 -198.72538840915584
2611.0 -198.94935692260094
2612.0 -199.17332141683548
2613.0 -199.39728185819277
2614.0 -199.6212382571719
2615.0 -199.84519062276965
2616.0 -200.06913896546558
2617.0 -200.29308325161267
2618.0 -200.51702349171921
2619.0 -200.74095969474257
2620.0 -200.96489184987692
2621.0 -201.1888199874368
2622.0 -201.412744053935
2623.0 -201.63666407968827
2624.0 -201.86058005388273
2625.0 -202.08449200185336
2626.0 -202.30839988499898
2627.0 -202.5323037138307
2628.0 -202.7562034973139
2629.0 -202.98009924595794
2630.0 -203.2039909261088
2631.0 -203.42787854824996
2632.0 -203.65176212137533
2633.0 -203.87564163466715
2634.0 -204.0995171184188
2635.0 -204.32338851919127
2636.0 -204.54725586724635
2637.0 -204.77111915179364
2638.0 -204.99497839819352
2639.0 -205.2188335678186
2640.0 -205.4426846711653
2641.0 -205.6665317172313
2642.0 -205.8903746951878
2643.0 -206.11421363533444
2644.0 -206.33804848422642
2645.0 -206.56187927216087
2646.0 -206.7857059883015
2647.0 -207.00952864164267
2648.0 -207.233347242689
2649.0 -207.45716175776764
2650.0 -207.68097219741776
2651.0 -207.9047785656224
2652.0 -208.1285808664356
2653.0 -208.35237911035972
2654.0 -208.57617326373762
2655.0 -208.79996333705955
2656.0 -209.02374933931793
2657.0 -209.24753126788994
2658.0 -209.47130912848425
2659.0 -209.69508289223742
2660.0 -209.91885257629895
2661.0 -210.14261818469163
2662.0 -210.36637971481693
2663.0 -210.59013717236564
2664.0 -210.81389052848107
2665.0 -211.03763980525545
2666.0 -211.26138499189963
2667.0 -211.48512609735698
2668.0 -211.70886313215206
2669.0 -211.93259605768048
2670.0 -212.15632489928302
2671.0 -212.38004964614498
2672.0 -212.60377030724567
2673.0 -212.82748689308866
2674.0 -213.05119937001894
2675.0 -213.27490774853743
2676.0 -213.49861203267847
2677.0 -213.72231222645817
2678.0 -213.9460083403945
2679.0 -214.16970034082604
2680.0 -214.3933882382576
2681.0 -214.61707204166805
2682.0 -214.84075174024352
2683.0 -215.0644273593315
2684.0 -215.28809886031758
2685.0 -215.51176625371264
2686.0 -215.735429548508
2687.0 -215.95908873388024
2688.0 -216.18274381878362
2689.0 -216.40639481375817
2690.0 -216.63004168018585
2691.0 -216.85368444339872
2692.0 -217.07732309262076
2693.0 -217.30095763679418
2694.0 -217.52458807330177
2695.0 -217.74821440787147
2696.0 -217.97183661165008
2697.0 -218.19545470177184
2698.0 -218.4190686822525
2699.0 -218.64267854231477
2700.0 -218.86628431221044
2701.0 -219.0898859385382
2702.0 -219.31348344662476
2703.0 -219.53707684048516
2704.0 -219.76066610934595
2705.0 -219.9842512621492
2706.0 -220.20783230939517
2707.0 -220.43140921744006
2708.0 -220.65498199682168
2709.0 -220.87855065153218
2710.0 -221.1021151855972
2711.0 -221.3256755882327
2712.0 -221.54923188968087
2713.0 -221.7727840365741
2714.0 -221.99633205421597
2715.0 -222.21987594661667
2716.0 -222.44341570300887
2717.0 -222.6669513323261
2718.0 -222.89048284510488
2719.0 -223.11401020273763
2720.0 -223.33753343056324
2721.0 -223.56105251777527
2722.0 -223.78456747333576
2723.0 -224.0080782864773
2724.0 -224.231584961182
2725.0 -224.4550875227835
2726.0 -224.6785859179048
2727.0 -224.90208017677836
2728.0 -225.12557028863932
2729.0 -225.34905625750721
2730.0 -225.57253808737178
2731.0 -225.79601578876708
2732.0 -226.01948932804626
2733.0 -226.24295871571263
2734.0 -226.46642395580423
2735.0 -226.6898850523205
2736.0 -226.91334199448318
2737.0 -227.13679479123292
2738.0 -227.3602434531026
2739.0 -227.58368794150232
2740.0 -227.80712828173748
2741.0 -228.0305644630415
2742.0 -228.2539964894272
2743.0 -228.47742436489426
2744.0 -228.7008480786943
2745.0 -228.92426766104367
2746.0 -229.1476830585724
2747.0 -229.3710942966052
2748.0 -229.5945013791521
2749.0 -229.8179042954238
2750.0 -230.04130305437005
2751.0 -230.26469764522656
2752.0 -230.4880880720023
2753.0 -230.71147435998685
2754.0 -230.93485645584127
2755.0 -231.15823438485316
2756.0 -231.38160815105002
2757.0 -231.60497774364256
2758.0 -231.82834317158532
2759.0 -232.05170442410684
2760.0 -232.27506152650562
2761.0 -232.49841444019776
2762.0 -232.72176317572868
2763.0 -232.94510773708697
2764.0 -233.16844812829675
2765.0 -233.39178433857623
2766.0 -233.6151163768749
2767.0 -233.83844423242036
2768.0 -234.0617679305178
2769.0 -234.28508743258357
2770.0 -234.50840274914935
2771.0 -234.73171388423748
2772.0 -234.95502084182004
2773.0 -235.17832361116177
2774.0 -235.40162219628317
2775.0 -235.62491660115435
2776.0 -235.84820681504485
2777.0 -236.0714928681411
2778.0 -236.29477470713823
2779.0 -236.51805235731942
2780.0 -236.74132582268163
2781.0 -236.96459509247958
2782.0 -237.187860170708
2783.0 -237.41112106137666
2784.0 -237.63437775372748
2785.0 -237.85763025176894
2786.0 -238.08087858079566
2787.0 -238.30412268746304
2788.0 -238.52736259707402
2789.0 -238.7505983136313
2790.0 -238.97382982638206
2791.0 -239.1970571442423
2792.0 -239.42028025646258
2793.0 -239.6434991670615
2794.0 -239.8667138800169
2795.0 -240.08992440586434
2796.0 -240.31313070606086
2797.0 -240.53633280586894
2798.0 -240.75953069454602
2799.0 -240.98272437610734
2800.0 -241.20591385453108
2801.0 -241.4290991190838
2802.0 -241.65228017376808
2803.0 -241.87545702256665
2804.0 -242.09862965475114
2805.0 -242.321798095597
2806.0 -242.54496230654834
2807.0 -242.7681222981324
2808.0 -242.99127807434706
2809.0 -243.2144296392029
2810.0 -243.4375769819546
2811.0 -243.66072010658158
2812.0 -243.8838590171126
2813.0 -244.10699370278917
2814.0 -244.33012416760488
2815.0 -244.55325041556014
2816.0 -244.77637245720283
2817.0 -244.9994902539728
2818.0 -245.2226038311367
2819.0 -245.44571317796363
2820.0 -245.66881829844573
2821.0 -245.89191919658066
2822.0 -246.11501586162416
2823.0 -246.33810829758863
2824.0 -246.56119650845807
2825.0 -246.78428048350142
2826.0 -247.0073602267144
2827.0 -247.23043574208447
2828.0 -247.453507027079
2829.0 -247.67657408238406
2830.0 -247.8996368940346
2831.0 -248.1226954643652
2832.0 -248.34574979738161
2833.0 -248.56879989706317
2834.0 -248.7918457526968
2835.0 -249.01488736826386
2836.0 -249.23792474775917
2837.0 -249.46095788045744
2838.0 -249.68398677033906
2839.0 -249.90701142142626
2840.0 -250.13003182296592
2841.0 -250.35304797895137
2842.0 -250.57605991464558
2843.0 -250.79906757679487
2844.0 -251.02207099064813
2845.0 -251.24507015529522
2846.0 -251.468065074725
2847.0 -251.69105573822276
2848.0 -251.91404214975927
2849.0 -252.13702431333897
2850.0 -252.36000221825006
2851.0 -252.58297586845634
2852.0 -252.8059452679716
2853.0 -253.02891040605977
2854.0 -253.251871286705
2855.0 -253.47482791391403
2856.0 -253.6977802769608
2857.0 -253.92072837982667
2858.0 -254.14367222978993
2859.0 -254.36661182754486
2860.0 -254.58954714440273
2861.0 -254.81247819743209
2862.0 -255.03540499061475
2863.0 -255.258327513231
2864.0 -255.48124576928478
2865.0 -255.7041597627433
2866.0 -255.9270694829055
2867.0 -256.14997493375785
2868.0 -256.3728761143874
2869.0 -256.5957730287663
2870.0 -256.81866566618214
2871.0 -257.0415540306448
2872.0 -257.2644381261046
2873.0 -257.4873179418801
2874.0 -257.7101934819515
2875.0 -257.93306475029135
2876.0 -258.1559317361999
2877.0 -258.37879444366723
2878.0 -258.6016528717597
2879.0 -258.8245070457342
2880.0 -259.04735691235743
2881.0 -259.2702024968783
2882.0 -259.4930438032772
2883.0 -259.7158808208497
2884.0 -259.93871355358726
2885.0 -260.1615420005487
2886.0 -260.38436616575245
2887.0 -260.60718603846016
2888.0 -260.83000162269286
2889.0 -261.05281292238243
2890.0 -261.27561992687475
2891.0 -261.4984226401225
2892.0 -261.7212210612134
2893.0 -261.9440151941468
2894.0 -262.16680502820014
2895.0 -262.389590567369
2896.0 -262.61237181073597
2897.0 -262.8351487622816
2898.0 -263.05792141129785
2899.0 -263.28068976177957
2900.0 -263.50345381768784
2901.0 -263.72621356834617
2902.0 -263.9489690177255
2903.0 -264.17172016489945
2904.0 -264.3944670138709
2905.0 -264.6172095539221
2906.0 -264.83994778905094
2907.0 -265.0626817183268
2908.0 -265.2854113457387
2909.0 -265.5081366605851
2910.0 -265.7308576668551
2911.0 -265.9535743685085
2912.0 -266.1762867548785
2913.0 -266.3989948299108
2914.0 -266.6216985927183
2915.0 -266.8443980472678
2916.0 -267.0670931910515
2917.0 -267.28978402474047
2918.0 -267.51247052948463
2919.0 -267.73515272231526
2920.0 -267.95783059254757
2921.0 -268.1805041441605
2922.0 -268.403173376244
2923.0 -268.6258382927479
2924.0 -268.8484988830299
2925.0 -269.07115515102544
2926.0 -269.29380709584154
2927.0 -269.5164547214415
2928.0 -269.7390980171482
2929.0 -269.9617369869374
2930.0 -270.18437162987556
2931.0 -270.4070019499762
2932.0 -270.6296279365227
2933.0 -270.85224959350444
2934.0 -271.074866919997
2935.0 -271.2974799199793
2936.0 -271.5200885827652
2937.0 -271.7426929123382
2938.0 -271.9652929077808
2939.0 -272.1878885730647
2940.0 -272.41047989750365
2941.0 -272.633066885085
2942.0 -272.85564953488165
2943.0 -273.07822785085057
2944.0 -273.30080182235656
2945.0 -273.5233714533427
2946.0 -273.74593674289264
2947.0 -273.96849769498846
2948.0 -274.1910542989644
2949.0 -274.4136065587512
2950.0 -274.63615447349054
2951.0 -274.85869804711257
2952.0 -275.0812372689495
2953.0 -275.3037721299251
2954.0 -275.5263026470499
2955.0 -275.74882882760795
2956.0 -275.9713506527271
2957.0 -276.193868126405
2958.0 -276.4163812477112
2959.0 -276.638890020606
2960.0 -276.8613944344408
2961.0 -277.0838944931663
2962.0 -277.30639019588074
2963.0 -277.5288815416691
2964.0 -277.75136853449214
2965.0 -277.9738511636848
2966.0 -278.19632943322995
2967.0 -278.41880334218183
2968.0 -278.6412728945364
2969.0 -278.86373807962354
2970.0 -279.0861989014025
2971.0 -279.3086553589612
2972.0 -279.53110745138554
2973.0 -279.75355518264996
2974.0 -279.9759985420839
2975.0 -280.1984375336519
2976.0 -280.42087215646455
2977.0 -280.6433024144408
2978.0 -280.8657282969562
2979.0 -281.0881498079632
2980.0 -281.31056694654757
2981.0 -281.5329797118089
2982.0 -281.7553881076895
2983.0 -281.97779212356005
2984.0 -282.20019176336507
2985.0 -282.4225870261801
2986.0 -282.64497791598683
2987.0 -282.8673644221321
2988.0 -283.08974654856786
2989.0 -283.3121242943847
2990.0 -283.53449764562055
2991.0 -283.7568666241507
2992.0 -283.9792312226431
2993.0 -284.2015914368731
2994.0 -284.4239472659322
2995.0 -284.64629870891156
2996.0 -284.8686457697568
2997.0 -285.090988437839
2998.0 -285.3133267170979
